0 0.844141 0.625586 0.097656 0.294922
0 0.741602 0.626563 0.126953 0.296875
0 0.616992 0.626953 0.130859 0.300781
0 0.479492 0.624805 0.130859 0.302734
0 0.363672 0.621875 0.121094 0.296875
0 0.237109 0.620703 0.136719 0.300781
0 0.104688 0.618750 0.140625 0.296875
0 0.706445 0.221680 0.119141 0.318359
0 0.600391 0.222461 0.113281 0.326172
0 0.493164 0.214844 0.111328 0.320312
0 0.382617 0.210742 0.115234 0.318359
0 0.267969 0.241602 0.117188 0.298828
0 0.054688 0.205469 0.109375 0.320312
0 0.071875 0.248828 0.125000 0.285156
0 0.828516 0.219141 0.144531 0.300781
