0 0.136719 0.495508 0.085938 0.197266
0 0.296680 0.483984 0.083984 0.199219
0 0.370117 0.477539 0.068359 0.205078
0 0.509570 0.464648 0.087891 0.216797
0 0.591211 0.457617 0.076172 0.224609
0 0.809570 0.181445 0.103516 0.197266
0 0.723633 0.191406 0.072266 0.195312
0 0.598437 0.210547 0.062500 0.183594
0 0.522070 0.218750 0.087891 0.187500
0 0.384375 0.239648 0.046875 0.169922
0 0.325000 0.247461 0.078125 0.169922
0 0.191211 0.263281 0.044922 0.164062
0 0.134180 0.270898 0.083984 0.169922
0 0.816016 0.414453 0.113281 0.175781
0 0.858984 0.773242 0.105469 0.302734
0 0.758398 0.771875 0.107422 0.296875
0 0.646484 0.766406 0.105469 0.289062
0 0.541992 0.762500 0.099609 0.281250
0 0.472070 0.758398 0.072266 0.232422
0 0.388477 0.759180 0.080078 0.240234
0 0.263672 0.760547 0.105469 0.261719
0 0.187305 0.757422 0.068359 0.246094
0 0.117188 0.756641 0.093750 0.238281
