1 0.921875 0.860156 0.156250 0.189062
1 0.771875 0.861719 0.140625 0.192188
1 0.547656 0.872656 0.139063 0.201563
1 0.429688 0.858594 0.112500 0.179688
1 0.324219 0.858594 0.098437 0.170313
1 0.214844 0.863281 0.117188 0.179688
1 0.096094 0.869531 0.145313 0.179688
1 0.925781 0.610156 0.148438 0.182812
1 0.792188 0.614844 0.143750 0.185938
1 0.656250 0.617969 0.128125 0.160938
1 0.539844 0.629687 0.107813 0.159375
1 0.391406 0.629687 0.139063 0.181250
1 0.066406 0.660937 0.129688 0.168750
1 0.185938 0.647656 0.112500 0.139063
1 0.057031 0.410938 0.110937 0.190625
1 0.162500 0.402344 0.137500 0.164062
1 0.288281 0.396875 0.139063 0.184375
1 0.409375 0.378906 0.134375 0.176563
1 0.527344 0.380469 0.170313 0.176563
1 0.671875 0.367188 0.140625 0.153125
1 0.792969 0.345313 0.135937 0.175000
1 0.922656 0.337500 0.139063 0.181250
1 0.175000 0.158594 0.162500 0.179688
1 0.371875 0.152344 0.146875 0.204687
1 0.496094 0.135937 0.129688 0.175000
1 0.597656 0.128125 0.123438 0.178125
1 0.703125 0.119531 0.118750 0.167187
1 0.827344 0.095312 0.154688 0.190625
1 0.937500 0.089844 0.125000 0.176563
