2 0.229297 0.405566 0.261719 0.348633
2 0.295312 0.360449 0.265625 0.342773
2 0.933008 0.456934 0.134766 0.323242
2 0.885059 0.646094 0.229492 0.101562
2 0.632617 0.541504 0.099609 0.192383
2 0.655664 0.660645 0.267578 0.086914
2 0.457617 0.529590 0.193359 0.237305
2 0.412891 0.239746 0.363281 0.104492
2 0.788867 0.292969 0.162109 0.210938
0 0.061133 0.330176 0.119141 0.266602
0 0.054688 0.496191 0.109375 0.083008
0 0.495508 0.350684 0.275391 0.120117
0 0.051758 0.604590 0.103516 0.143555
0 0.185938 0.682617 0.109375 0.255859
0 0.318164 0.617773 0.095703 0.185547
0 0.605859 0.438965 0.199219 0.252930
0 0.714453 0.462891 0.097656 0.222656
0 0.792383 0.492188 0.150391 0.234375
0 0.940234 0.730566 0.121094 0.161133
2 0.465234 0.624512 0.230469 0.202148
0 0.660937 0.238770 0.109375 0.102539
3 0.598242 0.753418 0.443359 0.116211
