0 0.253125 0.912500 0.206250 0.081250
0 0.246094 0.825781 0.214062 0.085938
0 0.235156 0.757031 0.220312 0.095312
0 0.229687 0.667188 0.209375 0.084375
0 0.220312 0.592969 0.203125 0.092188
0 0.207031 0.507812 0.201563 0.084375
0 0.203906 0.429688 0.192188 0.084375
0 0.199219 0.351562 0.189062 0.087500
0 0.189844 0.260937 0.210938 0.093750
0 0.186719 0.185938 0.192188 0.100000
0 0.200000 0.105469 0.175000 0.092188
0 0.176563 0.037500 0.193750 0.075000
0 0.748437 0.727344 0.134375 0.057813
0 0.725781 0.316406 0.123438 0.060937
0 0.489063 0.982812 0.106250 0.034375
0 0.481250 0.944531 0.096875 0.042188
0 0.479687 0.891406 0.100000 0.039062
0 0.478125 0.850000 0.096875 0.040625
0 0.476562 0.794531 0.103125 0.045312
0 0.467187 0.667969 0.100000 0.048438
0 0.464844 0.615625 0.092188 0.040625
0 0.459375 0.573438 0.093750 0.043750
0 0.460156 0.527344 0.101562 0.045312
0 0.451562 0.483594 0.100000 0.042188
0 0.446875 0.439063 0.115625 0.046875
0 0.444531 0.392969 0.117188 0.048438
0 0.442969 0.352344 0.110937 0.051562
0 0.440625 0.303906 0.093750 0.045312
0 0.436719 0.256250 0.107813 0.050000
0 0.435156 0.210156 0.104688 0.057813
0 0.435156 0.136719 0.092188 0.054688
0 0.432812 0.096094 0.100000 0.057813
0 0.430469 0.050000 0.098437 0.059375
0 0.732006 0.076998 0.370262 0.153995
0 0.732365 0.195041 0.349105 0.183831
0 0.754524 0.433740 0.371548 0.170605
0 0.764305 0.579650 0.369236 0.146800
0 0.774312 0.843835 0.351748 0.162670
0 0.793483 0.952094 0.355716 0.094812
