6 0.334961 0.949805 0.216797 0.099609
6 0.311328 0.835742 0.175781 0.130859
6 0.311328 0.700000 0.269531 0.140625
6 0.714844 0.969336 0.242188 0.060547
6 0.716406 0.870898 0.242188 0.138672
6 0.719336 0.747461 0.248047 0.138672
6 0.706836 0.599414 0.279297 0.158203
6 0.708789 0.451953 0.283203 0.144531
6 0.710742 0.302734 0.287109 0.152344
6 0.755273 0.144531 0.326172 0.164062
0 0.273828 0.562500 0.347656 0.125000
0 0.274805 0.434961 0.349609 0.123047
0 0.273828 0.306055 0.347656 0.130859
0 0.275977 0.169922 0.345703 0.136719
