5 0.547656 0.875000 0.226562 0.156250
5 0.782617 0.702734 0.240234 0.183594
5 0.886719 0.578516 0.226562 0.128906
5 0.581641 0.695312 0.222656 0.187500
5 0.296875 0.722266 0.093750 0.222656
5 0.468359 0.643555 0.214844 0.162109
5 0.195703 0.540039 0.113281 0.236328
5 0.507812 0.534180 0.250000 0.146484
5 0.688281 0.501563 0.164062 0.250000
5 0.827148 0.444727 0.248047 0.126953
5 0.783594 0.292969 0.257812 0.195312
5 0.566797 0.306641 0.261719 0.128906
5 0.409570 0.492578 0.197266 0.113281
5 0.421875 0.411133 0.203125 0.087891
5 0.237695 0.366211 0.212891 0.154297
5 0.590820 0.140234 0.134766 0.246094
5 0.410547 0.284766 0.199219 0.160156
5 0.252344 0.190820 0.085938 0.212891
5 0.435547 0.152930 0.199219 0.115234
5 0.734375 0.065430 0.234375 0.130859
