3 0.842578 0.164453 0.269531 0.316406
3 0.908496 0.515234 0.151367 0.277344
3 0.739844 0.494531 0.054688 0.304688
3 0.801172 0.501563 0.042969 0.265625
3 0.725098 0.842578 0.059570 0.300781
3 0.782129 0.831836 0.051758 0.263672
3 0.911133 0.826172 0.150391 0.308594
3 0.520801 0.810156 0.235352 0.273438
3 0.478223 0.957617 0.184570 0.068359
3 0.513477 0.570117 0.205078 0.052734
3 0.506836 0.628320 0.232422 0.041016
3 0.506738 0.437500 0.282227 0.187500
3 0.559570 0.168359 0.197266 0.308594
3 0.365820 0.183984 0.041016 0.246094
3 0.424805 0.174609 0.052734 0.230469
3 0.182422 0.149023 0.183594 0.248047
3 0.062109 0.108203 0.042969 0.191406
3 0.165039 0.278906 0.158203 0.085938
3 0.158789 0.504492 0.251953 0.318359
3 0.175488 0.837891 0.313477 0.316406
