5 0.231836 0.210547 0.169922 0.152344
5 0.488867 0.159961 0.193359 0.123047
5 0.702734 0.186328 0.230469 0.097656
5 0.448633 0.233789 0.197266 0.095703
5 0.332617 0.311914 0.255859 0.142578
5 0.258789 0.384570 0.220703 0.181641
5 0.706055 0.348242 0.240234 0.099609
5 0.666016 0.270898 0.191406 0.076172
5 0.530078 0.346289 0.144531 0.173828
5 0.423828 0.435352 0.191406 0.189453
5 0.491016 0.526758 0.160156 0.228516
5 0.634375 0.473633 0.171875 0.181641
5 0.725000 0.503516 0.218750 0.253906
5 0.741602 0.696875 0.236328 0.296875
5 0.791602 0.608984 0.126953 0.199219
5 0.528711 0.690234 0.232422 0.199219
5 0.496680 0.886523 0.302734 0.201172
5 0.288672 0.839258 0.292969 0.197266
5 0.265430 0.666992 0.240234 0.162109
5 0.290820 0.551562 0.259766 0.218750
