0 0.053711 0.307422 0.107422 0.324219
0 0.193750 0.309570 0.125000 0.322266
0 0.335156 0.322852 0.085938 0.298828
0 0.418750 0.321680 0.078125 0.302734
0 0.487891 0.318945 0.066406 0.306641
0 0.594141 0.322852 0.097656 0.298828
0 0.674219 0.325000 0.101562 0.296875
0 0.774805 0.310937 0.115234 0.328125
0 0.879492 0.326562 0.115234 0.296875
0 0.952539 0.327539 0.095703 0.298828
0 0.920312 0.777734 0.109375 0.261719
0 0.822070 0.755859 0.119141 0.292969
0 0.717383 0.775195 0.103516 0.259766
0 0.615820 0.752539 0.103516 0.298828
0 0.521094 0.767188 0.085938 0.265625
0 0.425586 0.749023 0.107422 0.294922
0 0.338477 0.744727 0.080078 0.251953
5 0.251953 0.752344 0.113281 0.289062
5 0.147852 0.699219 0.126953 0.242188
0 0.049805 0.734180 0.099609 0.318359
