6 0.753711 0.074219 0.310547 0.117188
6 0.752734 0.190430 0.308594 0.115234
6 0.750586 0.306055 0.310547 0.115234
6 0.750586 0.422656 0.310547 0.117188
6 0.335645 0.263477 0.102539 0.298828
6 0.435352 0.268359 0.095703 0.277344
6 0.228613 0.255469 0.110352 0.320312
6 0.093164 0.250000 0.158203 0.343750
6 0.242285 0.558008 0.293945 0.103516
6 0.239941 0.664648 0.301758 0.107422
6 0.237109 0.774414 0.308594 0.111328
6 0.233691 0.900977 0.317383 0.142578
6 0.904637 0.745144 0.162398 0.349662
6 0.770216 0.738515 0.118558 0.320780
6 0.663600 0.731572 0.108450 0.300644
6 0.563545 0.726019 0.098966 0.277037
