5 0.596094 0.206055 0.257812 0.068359
5 0.668359 0.267969 0.246094 0.085938
5 0.529883 0.345117 0.134766 0.162109
5 0.289844 0.309375 0.289062 0.078125
5 0.318164 0.252930 0.283203 0.068359
5 0.270898 0.381836 0.294922 0.091797
5 0.380859 0.438477 0.292969 0.111328
5 0.275391 0.539844 0.363281 0.101562
5 0.234180 0.670312 0.380859 0.234375
5 0.483398 0.805273 0.341797 0.310547
5 0.396875 0.902930 0.218750 0.193359
5 0.240625 0.909082 0.140625 0.180664
5 0.075586 0.948633 0.138672 0.103516
5 0.583008 0.663477 0.306641 0.298828
5 0.658594 0.609375 0.289062 0.250000
5 0.704492 0.520508 0.240234 0.197266
5 0.816992 0.407617 0.193359 0.177734
5 0.679688 0.371094 0.234375 0.210938
5 0.936328 0.583789 0.128906 0.267578
5 0.780859 0.790430 0.261719 0.318359
5 0.913477 0.870508 0.173828 0.259766
