0 0.479102 0.064453 0.126953 0.128906
0 0.390430 0.070312 0.083984 0.125000
0 0.300391 0.065430 0.097656 0.130859
0 0.205078 0.065430 0.097656 0.130859
0 0.110937 0.075586 0.093750 0.107422
3 0.707812 0.340430 0.171875 0.177734
3 0.700781 0.280664 0.164062 0.158203
3 0.115625 0.277734 0.218750 0.167969
3 0.422266 0.277930 0.160156 0.162109
3 0.409766 0.336328 0.160156 0.175781
3 0.268945 0.282813 0.150391 0.171875
3 0.060547 0.612695 0.121094 0.212891
3 0.233789 0.609961 0.173828 0.201172
3 0.404687 0.612695 0.171875 0.197266
3 0.581836 0.614258 0.169922 0.197266
3 0.100391 0.657617 0.160156 0.193359
0 0.723633 0.065430 0.134766 0.130859
0 0.855273 0.067383 0.138672 0.134766
3 0.753516 0.636133 0.175781 0.228516
3 0.933008 0.637695 0.134766 0.228516
