2 0.080859 0.274316 0.136719 0.286133
2 0.209570 0.148047 0.150391 0.261719
2 0.334570 0.159180 0.197266 0.255859
2 0.575195 0.096191 0.275391 0.145508
2 0.427539 0.252441 0.267578 0.176758
2 0.625391 0.199219 0.222656 0.195312
2 0.463281 0.390234 0.195312 0.246094
2 0.529297 0.541309 0.167969 0.338867
2 0.623633 0.443945 0.134766 0.322266
2 0.780859 0.436914 0.199219 0.330078
2 0.899414 0.353125 0.158203 0.312500
2 0.759570 0.207617 0.212891 0.193359
2 0.360742 0.602148 0.318359 0.404297
2 0.191016 0.402441 0.160156 0.301758
2 0.092773 0.805176 0.185547 0.329102
2 0.074219 0.677637 0.148438 0.295898
2 0.677734 0.712207 0.214844 0.352539
2 0.879492 0.800195 0.208984 0.400391
2 0.640430 0.914062 0.365234 0.171875
2 0.415430 0.862695 0.240234 0.275391
2 0.955859 0.727637 0.089844 0.342773
2 0.055664 0.496973 0.111328 0.184570
