0 0.228320 0.881445 0.291016 0.197266
0 0.178516 0.747656 0.253906 0.210938
0 0.151367 0.639062 0.224609 0.203125
0 0.372949 0.636719 0.217773 0.273438
0 0.715820 0.897852 0.259766 0.173828
0 0.645801 0.792773 0.219727 0.185547
0 0.617773 0.672656 0.201172 0.164062
0 0.825293 0.643164 0.241211 0.283203
0 0.829590 0.349609 0.284180 0.277344
0 0.713281 0.250977 0.210938 0.267578
0 0.646387 0.130273 0.186523 0.248047
0 0.349609 0.171289 0.246094 0.314453
0 0.205469 0.252734 0.117188 0.277344
0 0.072656 0.314453 0.101562 0.269531
