5 0.789062 0.349609 0.234375 0.105469
5 0.798438 0.459570 0.218750 0.103516
5 0.801172 0.560352 0.214844 0.095703
5 0.434180 0.388672 0.177734 0.089844
5 0.436914 0.477148 0.173828 0.091797
5 0.437500 0.568945 0.187500 0.087891
5 0.154883 0.407031 0.166016 0.085938
5 0.160742 0.495508 0.162109 0.087891
5 0.172266 0.578516 0.160156 0.082031
0 0.802148 0.641211 0.216797 0.076172
0 0.810937 0.728125 0.203125 0.078125
0 0.814063 0.803125 0.203125 0.078125
0 0.817187 0.875977 0.203125 0.080078
0 0.823242 0.959766 0.193359 0.082031
0 0.517188 0.654297 0.187500 0.074219
0 0.525195 0.731445 0.181641 0.072266
0 0.528711 0.805273 0.185547 0.076172
0 0.520312 0.866211 0.171875 0.060547
0 0.520312 0.936523 0.171875 0.076172
0 0.240820 0.785742 0.166016 0.068359
0 0.287695 0.853906 0.166016 0.070312
0 0.292578 0.924609 0.160156 0.074219
0 0.295508 0.979883 0.166016 0.041016
0 0.037109 0.781250 0.074219 0.062500
0 0.069336 0.830859 0.138672 0.058594
0 0.074219 0.896289 0.148438 0.064453
0 0.071289 0.967578 0.142578 0.066406
0 0.231250 0.647266 0.171875 0.066406
0 0.237109 0.714453 0.167969 0.066406
0 0.030273 0.645312 0.060547 0.062500
0 0.035156 0.711914 0.070312 0.064453
