0 0.880469 0.260937 0.148438 0.368750
0 0.738281 0.260937 0.148438 0.359375
0 0.592187 0.268750 0.146875 0.375000
0 0.450781 0.287500 0.148438 0.368750
0 0.302344 0.283594 0.173437 0.379688
0 0.135937 0.297656 0.184375 0.370312
0 0.942187 0.827344 0.084375 0.198437
0 0.856250 0.832031 0.087500 0.198437
0 0.776563 0.828906 0.078125 0.210938
0 0.691406 0.827344 0.067187 0.195312
0 0.617188 0.838281 0.087500 0.214062
0 0.514844 0.830469 0.089063 0.207813
0 0.434375 0.860156 0.093750 0.192188
0 0.348438 0.867969 0.090625 0.185938
0 0.257031 0.875000 0.082812 0.200000
0 0.171875 0.864844 0.087500 0.192188
0 0.090625 0.877344 0.100000 0.189062
0 0.024219 0.889062 0.042188 0.187500
0 0.955469 0.568750 0.042188 0.106250
0 0.911719 0.571875 0.042188 0.103125
0 0.864062 0.575781 0.053125 0.107813
0 0.824219 0.578125 0.039062 0.103125
0 0.781250 0.583594 0.037500 0.114062
0 0.732031 0.588281 0.045312 0.104688
0 0.684375 0.582031 0.059375 0.095312
0 0.634375 0.585156 0.046875 0.089063
0 0.587500 0.592969 0.034375 0.082812
0 0.542969 0.593750 0.029687 0.090625
0 0.474219 0.597656 0.057813 0.092188
0 0.332031 0.599219 0.045312 0.092188
0 0.289844 0.607812 0.042188 0.090625
0 0.243750 0.614844 0.046875 0.101562
0 0.201563 0.617969 0.046875 0.098437
0 0.155469 0.618750 0.045312 0.109375
0 0.109375 0.621094 0.043750 0.101562
0 0.067969 0.622656 0.042188 0.104688
0 0.023438 0.624219 0.040625 0.101562
0 0.428125 0.592187 0.031250 0.078125
