5 0.738086 0.076563 0.201172 0.078125
5 0.749805 0.166016 0.224609 0.097656
5 0.748828 0.268945 0.222656 0.103516
5 0.769531 0.355859 0.179688 0.074219
5 0.770508 0.423242 0.181641 0.068359
5 0.771094 0.489844 0.179688 0.070312
5 0.772070 0.557422 0.181641 0.074219
5 0.705664 0.617773 0.142578 0.060547
5 0.728125 0.695703 0.187500 0.082031
5 0.727148 0.784180 0.185547 0.083984
5 0.752734 0.866797 0.230469 0.105469
5 0.482422 0.182227 0.167969 0.064453
5 0.453516 0.249414 0.175781 0.080078
5 0.468359 0.322070 0.199219 0.087891
5 0.449609 0.404102 0.167969 0.080078
5 0.450586 0.489648 0.169922 0.076172
5 0.455664 0.571875 0.173828 0.078125
5 0.462500 0.638281 0.171875 0.054688
5 0.470703 0.728516 0.207031 0.097656
5 0.468750 0.826758 0.203125 0.087891
5 0.147070 0.197656 0.119141 0.054688
5 0.172461 0.279102 0.169922 0.048828
5 0.167578 0.331445 0.160156 0.072266
5 0.205664 0.543555 0.158203 0.083984
5 0.203711 0.616992 0.154297 0.068359
5 0.209766 0.674219 0.160156 0.085938
5 0.206836 0.740039 0.154297 0.080078
5 0.210352 0.796484 0.158203 0.089844
5 0.207422 0.866016 0.152344 0.082031
5 0.204102 0.117773 0.158203 0.076172
5 0.205664 0.050586 0.158203 0.076172
