2 0.879785 0.240625 0.215820 0.234375
2 0.871191 0.476367 0.192383 0.240234
2 0.835840 0.714648 0.174805 0.248047
2 0.722363 0.836523 0.125977 0.263672
2 0.606250 0.825000 0.171875 0.250000
2 0.702930 0.580664 0.177734 0.236328
2 0.764648 0.383203 0.232422 0.207031
2 0.699316 0.293945 0.239258 0.197266
2 0.604199 0.145117 0.264648 0.146484
2 0.530566 0.346680 0.192383 0.240234
2 0.594629 0.514258 0.098633 0.244141
2 0.526270 0.730273 0.227539 0.185547
2 0.390039 0.883594 0.251953 0.132812
2 0.484473 0.563477 0.122070 0.251953
2 0.363184 0.758398 0.198242 0.216797
2 0.412402 0.316211 0.127930 0.248047
2 0.338770 0.151953 0.258789 0.113281
2 0.387793 0.542383 0.100586 0.212891
2 0.305762 0.330664 0.108398 0.251953
2 0.267383 0.490234 0.134766 0.246094
2 0.269434 0.707422 0.182617 0.214844
2 0.179590 0.243555 0.159180 0.255859
2 0.176660 0.579102 0.106445 0.251953
2 0.083594 0.442773 0.164062 0.107422
2 0.071387 0.266992 0.108398 0.255859
