6 0.185938 0.120313 0.093750 0.071875
6 0.264062 0.132031 0.090625 0.079687
6 0.343750 0.130469 0.081250 0.060937
6 0.425000 0.125781 0.087500 0.060937
6 0.506250 0.126562 0.081250 0.050000
6 0.585938 0.124219 0.081250 0.057813
6 0.660937 0.120313 0.081250 0.059375
6 0.743750 0.120313 0.078125 0.062500
6 0.755469 0.246094 0.092188 0.182812
6 0.674219 0.241406 0.089063 0.192188
6 0.595313 0.241406 0.090625 0.195312
6 0.514844 0.240625 0.085938 0.187500
6 0.431250 0.242969 0.087500 0.185938
6 0.350000 0.243750 0.078125 0.184375
6 0.267969 0.239844 0.085938 0.182812
6 0.185156 0.253125 0.085938 0.175000
6 0.121094 0.760156 0.179688 0.479687
6 0.271875 0.750781 0.168750 0.498437
6 0.417969 0.747656 0.148438 0.504687
6 0.575781 0.743750 0.154688 0.503125
6 0.720313 0.745313 0.150000 0.509375
6 0.872656 0.732812 0.189062 0.521875
