2 0.164159 0.337259 0.231444 0.227642
2 0.274862 0.195623 0.268473 0.134997
2 0.536626 0.195715 0.173252 0.194555
2 0.722398 0.226823 0.269797 0.244270
2 0.905557 0.447735 0.179864 0.379845
2 0.777209 0.720181 0.285667 0.209112
2 0.655498 0.424966 0.189122 0.246806
2 0.660570 0.595695 0.339891 0.272641
2 0.277087 0.810070 0.272923 0.295141
2 0.111748 0.542845 0.189122 0.338816
2 0.303398 0.570548 0.194295 0.334845
2 0.390212 0.338030 0.352300 0.210436
2 0.488252 0.550861 0.198380 0.267347
2 0.536893 0.811964 0.342536 0.239553
