2 0.223242 0.167871 0.224609 0.276367
2 0.444141 0.183105 0.207031 0.272461
2 0.638086 0.196094 0.232422 0.242188
2 0.825195 0.257324 0.259766 0.202148
2 0.217773 0.387500 0.216797 0.218750
2 0.207813 0.593359 0.218750 0.199219
2 0.441406 0.396582 0.210938 0.196289
2 0.641992 0.386621 0.240234 0.198242
2 0.804688 0.442871 0.281250 0.182617
2 0.424219 0.591602 0.195312 0.189453
2 0.617188 0.573535 0.218750 0.184570
2 0.783789 0.629395 0.251953 0.180664
2 0.809961 0.816895 0.232422 0.196289
2 0.612891 0.793262 0.238281 0.217773
2 0.431055 0.793555 0.208984 0.224609
2 0.205078 0.806934 0.222656 0.229492
