0 0.074609 0.326172 0.121094 0.324219
0 0.157812 0.334375 0.109375 0.328125
0 0.243164 0.345117 0.111328 0.333984
0 0.339844 0.354883 0.101562 0.337891
0 0.455859 0.312109 0.136719 0.449219
0 0.581641 0.328906 0.144531 0.445312
0 0.717773 0.344727 0.185547 0.455078
0 0.859180 0.360156 0.193359 0.460938
0 0.940234 0.423828 0.121094 0.378906
0 0.053711 0.655273 0.107422 0.232422
0 0.128516 0.667773 0.113281 0.232422
0 0.227344 0.696289 0.101562 0.251953
0 0.325586 0.723242 0.107422 0.271484
0 0.448633 0.737695 0.119141 0.291016
0 0.593164 0.764648 0.142578 0.294922
0 0.731836 0.790625 0.169922 0.296875
0 0.877734 0.818750 0.199219 0.296875
