6 0.917969 0.231836 0.164062 0.451172
6 0.766016 0.236914 0.144531 0.439453
6 0.487891 0.239844 0.128906 0.445312
6 0.355273 0.244727 0.138672 0.439453
6 0.227930 0.254688 0.130859 0.421875
6 0.093359 0.257422 0.136719 0.417969
6 0.742969 0.760352 0.132812 0.423828
6 0.743555 0.768945 0.130859 0.400391
6 0.345117 0.770312 0.130859 0.437500
6 0.622852 0.241602 0.142578 0.439453
6 0.475977 0.756445 0.126953 0.416016
6 0.603906 0.770508 0.132812 0.447266
6 0.216406 0.768945 0.132812 0.431641
6 0.098633 0.763477 0.119141 0.423828
6 0.882227 0.773438 0.142578 0.453125
