6 0.229102 0.823242 0.173828 0.224609
6 0.231055 0.602148 0.177734 0.216797
6 0.237695 0.380469 0.166016 0.226562
6 0.242578 0.157031 0.175781 0.242188
6 0.391602 0.818945 0.158203 0.212891
6 0.398828 0.616016 0.160156 0.207031
6 0.402148 0.404883 0.169922 0.212891
6 0.411719 0.191016 0.164062 0.222656
6 0.700000 0.802734 0.453125 0.199219
6 0.709766 0.613867 0.457031 0.193359
6 0.719531 0.421289 0.460938 0.205078
6 0.727148 0.224023 0.466797 0.232422
6 0.698242 0.940820 0.427734 0.119141
6 0.373437 0.949219 0.218750 0.101562
6 0.734375 0.072266 0.484375 0.144531
