5 0.250977 0.869141 0.298828 0.253906
5 0.461719 0.879883 0.289062 0.212891
5 0.677539 0.909961 0.236328 0.169922
5 0.744922 0.691992 0.183594 0.240234
5 0.551172 0.727148 0.230469 0.154297
5 0.240625 0.737891 0.250000 0.207031
5 0.453906 0.584766 0.132812 0.238281
5 0.684375 0.574023 0.265625 0.201172
5 0.590820 0.502344 0.212891 0.164062
5 0.758203 0.364844 0.128906 0.226562
5 0.695898 0.197852 0.216797 0.111328
5 0.658984 0.058594 0.246094 0.117188
5 0.626367 0.373633 0.193359 0.166016
5 0.512695 0.272266 0.212891 0.128906
5 0.360742 0.225195 0.208984 0.119141
5 0.408008 0.386328 0.244141 0.222656
5 0.259570 0.527148 0.259766 0.216797
5 0.237891 0.414453 0.238281 0.175781
5 0.209961 0.199805 0.123047 0.193359
5 0.433984 0.108398 0.214844 0.123047
