2 0.949805 0.721680 0.099609 0.380859
2 0.850391 0.728906 0.113281 0.398438
2 0.735938 0.726367 0.109375 0.396484
2 0.629297 0.723242 0.105469 0.396484
2 0.513086 0.721289 0.107422 0.392578
2 0.404883 0.719336 0.103516 0.388672
2 0.301563 0.716797 0.109375 0.386719
2 0.189844 0.717773 0.117188 0.388672
2 0.859180 0.249023 0.115234 0.373047
2 0.742188 0.248633 0.109375 0.369141
2 0.524805 0.243945 0.099609 0.353516
2 0.424414 0.247070 0.095703 0.353516
2 0.319922 0.221484 0.105469 0.308594
2 0.630977 0.233705 0.115080 0.339286
2 0.219907 0.217578 0.099189 0.322656
2 0.957617 0.251953 0.083984 0.378906
