5 0.905078 0.459961 0.191406 0.263672
5 0.707617 0.490234 0.162109 0.246094
5 0.546875 0.483984 0.281250 0.246094
5 0.755469 0.691016 0.257812 0.082031
5 0.525977 0.596680 0.283203 0.193359
5 0.444922 0.639258 0.246094 0.181641
5 0.275000 0.561133 0.218750 0.150391
5 0.122070 0.490625 0.244141 0.140625
5 0.110937 0.642969 0.171875 0.164062
5 0.380273 0.653711 0.216797 0.138672
5 0.709961 0.714844 0.279297 0.085938
5 0.610938 0.744727 0.250000 0.064453
5 0.703125 0.775195 0.250000 0.056641
5 0.712305 0.824512 0.193359 0.045898
5 0.676172 0.824805 0.214844 0.083984
5 0.365820 0.767578 0.181641 0.113281
5 0.367578 0.796289 0.207031 0.080078
5 0.446484 0.836914 0.167969 0.064453
5 0.329688 0.674414 0.187500 0.095703
5 0.482227 0.764258 0.111328 0.087891
5 0.251367 0.713281 0.130859 0.085938
