6 0.275781 0.771094 0.335938 0.148438
6 0.332422 0.510156 0.355469 0.179688
6 0.361328 0.371680 0.363281 0.208984
6 0.653906 0.573242 0.195312 0.115234
6 0.741016 0.396289 0.238281 0.126953
6 0.301367 0.641211 0.349609 0.154297
6 0.358398 0.244141 0.310547 0.160156
6 0.390820 0.129492 0.322266 0.208984
6 0.679492 0.487109 0.177734 0.121094
6 0.630273 0.763672 0.232422 0.121094
6 0.655664 0.669922 0.236328 0.121094
6 0.778125 0.301758 0.250000 0.150391
6 0.821289 0.186914 0.251953 0.173828
6 0.855078 0.086914 0.253906 0.173828
6 0.252539 0.870117 0.314453 0.099609
