4 0.572754 0.148438 0.208008 0.140625
4 0.441504 0.289844 0.208008 0.179688
4 0.877930 0.689258 0.208984 0.119141
4 0.697168 0.752539 0.178711 0.095703
4 0.824316 0.517969 0.114258 0.117188
4 0.671875 0.200977 0.109375 0.111328
4 0.491504 0.509375 0.176758 0.171875
4 0.443848 0.601172 0.122070 0.089844
4 0.371387 0.530273 0.108398 0.091797
4 0.304590 0.561133 0.096680 0.056641
4 0.385254 0.667578 0.129883 0.097656
4 0.532324 0.805469 0.186523 0.117188
4 0.518066 0.683691 0.129883 0.114258
4 0.693262 0.588867 0.124023 0.052734
4 0.695605 0.501563 0.100586 0.078125
4 0.534277 0.389062 0.409180 0.140625
4 0.671387 0.437305 0.108398 0.083984
4 0.795410 0.858789 0.090820 0.111328
