2 0.169922 0.251855 0.121094 0.459961
2 0.505664 0.254883 0.126953 0.462891
2 0.759375 0.172363 0.187500 0.282227
2 0.808008 0.314355 0.103516 0.366211
2 0.959766 0.215234 0.082031 0.386719
2 0.886328 0.266016 0.097656 0.347656
2 0.151758 0.750781 0.134766 0.492188
2 0.067187 0.721680 0.078125 0.287109
2 0.272461 0.762109 0.123047 0.074219
2 0.275195 0.690918 0.119141 0.084961
2 0.495898 0.743262 0.123047 0.483398
2 0.827148 0.752539 0.123047 0.486328
2 0.587012 0.562988 0.077148 0.125977
2 0.637695 0.561523 0.056641 0.123047
