0 0.756445 0.936328 0.134766 0.128906
0 0.749609 0.831055 0.152344 0.193359
0 0.730078 0.694141 0.128906 0.128906
0 0.699805 0.566211 0.146484 0.138672
0 0.689063 0.433008 0.140625 0.134766
0 0.649219 0.074219 0.148438 0.148438
5 0.438086 0.925195 0.279297 0.150391
5 0.445312 0.777930 0.250000 0.177734
5 0.400781 0.595117 0.273438 0.208984
5 0.398926 0.407227 0.266602 0.220703
5 0.244141 0.406836 0.113281 0.201172
5 0.277734 0.300781 0.121094 0.195312
5 0.389258 0.159180 0.228516 0.193359
5 0.391602 0.288867 0.220703 0.193359
5 0.357227 0.061523 0.251953 0.123047
5 0.303711 0.778125 0.044922 0.171875
0 0.649414 0.179492 0.142578 0.193359
