4 0.229492 0.102539 0.427734 0.205078
4 0.640234 0.234863 0.355469 0.438477
4 0.418359 0.573145 0.527344 0.555664
4 0.167773 0.471777 0.294922 0.377930
4 0.078125 0.417480 0.156250 0.256836
4 0.109375 0.715234 0.218750 0.308594
4 0.358008 0.879492 0.291016 0.240234
4 0.150000 0.925293 0.234375 0.147461
4 0.478418 0.846582 0.334961 0.211914
4 0.657617 0.629395 0.162109 0.352539
4 0.862695 0.593848 0.275391 0.340820
4 0.756641 0.743066 0.113281 0.208008
4 0.703125 0.960352 0.468750 0.080078
4 0.815234 0.085449 0.292969 0.170898
