6 0.109180 0.195898 0.162109 0.279297
6 0.257812 0.192188 0.156250 0.281250
6 0.416406 0.186328 0.164062 0.285156
6 0.580469 0.182617 0.164062 0.287109
6 0.741211 0.176367 0.154297 0.287109
6 0.901758 0.172656 0.166016 0.289062
6 0.908789 0.458984 0.158203 0.277344
6 0.756445 0.463672 0.150391 0.277344
6 0.599219 0.465625 0.164062 0.281250
6 0.438867 0.468359 0.162109 0.277344
6 0.281641 0.471094 0.160156 0.273438
6 0.130469 0.473633 0.164062 0.275391
6 0.045898 0.737305 0.091797 0.255859
6 0.156250 0.741992 0.156250 0.255859
6 0.301563 0.742969 0.156250 0.257812
6 0.452734 0.741016 0.152344 0.269531
6 0.609375 0.737109 0.156250 0.261719
6 0.763281 0.734961 0.148438 0.263672
6 0.918555 0.734180 0.162109 0.271484
