0 0.120898 0.168359 0.154297 0.261719
0 0.233398 0.160254 0.138672 0.301758
0 0.397461 0.153320 0.154297 0.306641
0 0.634180 0.171973 0.162109 0.231445
0 0.745703 0.152832 0.144531 0.274414
0 0.901172 0.155273 0.136719 0.294922
0 0.244727 0.399512 0.330078 0.139648
0 0.731836 0.395117 0.294922 0.162109
0 0.125000 0.723730 0.156250 0.225586
0 0.234766 0.660254 0.113281 0.254883
0 0.371680 0.632812 0.115234 0.250000
0 0.626367 0.658789 0.177734 0.251953
0 0.760156 0.654395 0.117188 0.274414
0 0.909766 0.679199 0.160156 0.280273
0 0.312305 0.882227 0.287109 0.189453
0 0.718164 0.896582 0.345703 0.149414
