2 0.634766 0.155859 0.394531 0.230469
2 0.752344 0.364258 0.320312 0.275391
2 0.624609 0.519531 0.339844 0.164062
2 0.826172 0.702148 0.261719 0.294922
2 0.711328 0.748828 0.207031 0.332031
2 0.587695 0.776758 0.134766 0.337891
2 0.467578 0.772461 0.113281 0.341797
2 0.357227 0.778711 0.111328 0.326172
2 0.240820 0.761328 0.119141 0.332031
2 0.121484 0.718164 0.152344 0.392578
2 0.496094 0.470703 0.320312 0.238281
2 0.351562 0.452148 0.312500 0.263672
2 0.486719 0.238281 0.257812 0.273438
2 0.275195 0.374805 0.337891 0.287109
2 0.202539 0.269922 0.298828 0.246094
