0 0.914844 0.921875 0.070312 0.156250
5 0.144141 0.296484 0.113281 0.292969
5 0.236328 0.315430 0.066406 0.193359
5 0.319922 0.316797 0.074219 0.199219
5 0.455664 0.299219 0.095703 0.289062
5 0.407227 0.291797 0.064453 0.277344
5 0.551367 0.290625 0.099609 0.296875
5 0.643945 0.325195 0.072266 0.228516
5 0.734961 0.295312 0.107422 0.281250
5 0.854297 0.302734 0.105469 0.261719
5 0.952539 0.286719 0.095703 0.289062
5 0.051367 0.933594 0.083984 0.132812
5 0.141992 0.932422 0.068359 0.136719
5 0.211523 0.930273 0.076172 0.138672
5 0.296875 0.945312 0.078125 0.109375
5 0.375977 0.948047 0.080078 0.105469
5 0.449609 0.928516 0.074219 0.144531
5 0.536523 0.926367 0.076172 0.146484
5 0.618555 0.926367 0.068359 0.146484
0 0.846680 0.922461 0.068359 0.154297
0 0.773438 0.924609 0.062500 0.152344
0 0.705664 0.925195 0.064453 0.150391
0 0.130664 0.649219 0.111328 0.257812
0 0.044922 0.650195 0.089844 0.259766
0 0.221289 0.647070 0.095703 0.259766
0 0.322656 0.648047 0.101562 0.261719
0 0.431641 0.674414 0.097656 0.189453
0 0.531641 0.646484 0.097656 0.261719
