4 0.092383 0.273926 0.150391 0.360352
4 0.188867 0.303613 0.146484 0.344727
4 0.317773 0.337012 0.185547 0.280273
4 0.395117 0.290625 0.193359 0.343750
4 0.587891 0.328906 0.160156 0.320312
4 0.532227 0.284570 0.064453 0.384766
4 0.701172 0.301172 0.167969 0.371094
4 0.816992 0.278906 0.162109 0.367188
4 0.917578 0.308105 0.144531 0.350586
4 0.250977 0.609766 0.439453 0.191406
4 0.242773 0.722168 0.419922 0.131836
4 0.197266 0.810059 0.347656 0.135742
4 0.226172 0.906152 0.402344 0.143555
4 0.618555 0.773730 0.224609 0.397461
4 0.750586 0.781641 0.154297 0.378906
4 0.852539 0.822852 0.158203 0.314453
4 0.941406 0.796680 0.117188 0.365234
