4 0.286328 0.081836 0.207031 0.138672
4 0.528125 0.089648 0.218750 0.154297
4 0.749219 0.064258 0.148438 0.103516
4 0.287891 0.238184 0.175781 0.120117
4 0.530273 0.245898 0.169922 0.123047
4 0.749609 0.221777 0.167969 0.174805
4 0.287695 0.396387 0.228516 0.139648
4 0.530469 0.416406 0.148438 0.179688
4 0.749609 0.370703 0.121094 0.082031
4 0.749219 0.493945 0.164062 0.119141
4 0.287891 0.562500 0.175781 0.140625
4 0.530273 0.588477 0.201172 0.126953
4 0.748828 0.625000 0.128906 0.109375
4 0.288086 0.728125 0.185547 0.140625
4 0.527344 0.750879 0.132812 0.161133
4 0.748828 0.761133 0.160156 0.119141
4 0.288086 0.903711 0.216797 0.154297
4 0.528516 0.916992 0.160156 0.130859
4 0.749609 0.911914 0.183594 0.142578
