5 0.671680 0.227148 0.287109 0.076172
5 0.751758 0.306250 0.275391 0.093750
5 0.346484 0.291016 0.277344 0.097656
5 0.335742 0.372461 0.318359 0.091797
5 0.312891 0.462891 0.316406 0.113281
5 0.430664 0.552344 0.314453 0.148438
5 0.591406 0.406641 0.148438 0.222656
5 0.759180 0.454688 0.255859 0.265625
5 0.902930 0.488281 0.193359 0.242188
5 0.318164 0.671484 0.392578 0.136719
5 0.272461 0.854297 0.404297 0.292969
5 0.497656 0.926367 0.289062 0.146484
5 0.648242 0.832031 0.333984 0.335938
5 0.733203 0.773047 0.316406 0.324219
5 0.781836 0.648242 0.263672 0.271484
5 0.905664 0.905176 0.189453 0.188477
