6 0.049805 0.334961 0.099609 0.216797
6 0.165430 0.311328 0.130859 0.175781
6 0.301563 0.311328 0.140625 0.269531
6 0.030273 0.714844 0.060547 0.242188
6 0.130273 0.716406 0.138672 0.242188
6 0.253711 0.719336 0.138672 0.248047
6 0.400977 0.706836 0.158203 0.279297
6 0.548828 0.708789 0.144531 0.283203
6 0.698047 0.710742 0.152344 0.287109
6 0.855469 0.755273 0.164062 0.326172
0 0.437500 0.273828 0.125000 0.347656
0 0.566211 0.274805 0.123047 0.349609
0 0.695117 0.273828 0.130859 0.347656
0 0.830859 0.275977 0.136719 0.345703
