5 0.200000 0.639648 0.109375 0.216797
5 0.195703 0.389648 0.175781 0.201172
5 0.323242 0.321875 0.099609 0.218750
5 0.302148 0.574805 0.123047 0.255859
5 0.410938 0.603516 0.109375 0.253906
5 0.470703 0.635352 0.097656 0.220703
5 0.549805 0.614648 0.115234 0.263672
5 0.671484 0.589453 0.121094 0.285156
5 0.753320 0.580469 0.119141 0.289062
5 0.859766 0.571680 0.097656 0.224609
5 0.848633 0.288867 0.119141 0.224609
5 0.638477 0.301758 0.126953 0.228516
5 0.730078 0.291602 0.097656 0.220703
5 0.456641 0.328516 0.144531 0.222656
5 0.542578 0.298242 0.128906 0.224609
