6 0.932422 0.762305 0.136719 0.427734
6 0.058594 0.763672 0.117188 0.464844
6 0.130273 0.131250 0.248047 0.203125
6 0.366016 0.127734 0.238281 0.199219
6 0.610352 0.128320 0.236328 0.197266
6 0.845313 0.128320 0.250000 0.197266
6 0.199805 0.767578 0.208984 0.441406
6 0.189844 0.472266 0.210938 0.160156
6 0.164062 0.315039 0.203125 0.158203
6 0.369141 0.308984 0.222656 0.167969
6 0.594727 0.314258 0.220703 0.166016
6 0.777148 0.763672 0.201172 0.433594
6 0.798633 0.471484 0.212891 0.152344
6 0.816406 0.314844 0.226562 0.164062
6 0.391016 0.766602 0.191406 0.439453
6 0.391211 0.472461 0.201172 0.154297
6 0.580664 0.768164 0.189453 0.439453
6 0.593359 0.472070 0.199219 0.150391
