0 0.048828 0.283789 0.097656 0.298828
0 0.139648 0.282813 0.107422 0.296875
0 0.233398 0.281836 0.091797 0.294922
0 0.323242 0.281641 0.099609 0.300781
0 0.397070 0.323242 0.072266 0.208984
1 0.556055 0.233398 0.208984 0.388672
0 0.757422 0.233398 0.152344 0.357422
0 0.906250 0.235352 0.156250 0.376953
0 0.048828 0.775000 0.097656 0.296875
0 0.139453 0.768164 0.113281 0.298828
0 0.236719 0.780078 0.132812 0.300781
0 0.357422 0.779883 0.121094 0.306641
0 0.587891 0.767383 0.128906 0.337891
0 0.721484 0.770508 0.136719 0.337891
0 0.850195 0.775195 0.134766 0.337891
0 0.953125 0.774023 0.093750 0.341797
