5 0.320703 0.864844 0.222656 0.210938
5 0.302539 0.758594 0.189453 0.179688
5 0.298242 0.578516 0.208984 0.207031
5 0.274805 0.490039 0.193359 0.158203
5 0.232813 0.303711 0.093750 0.169922
5 0.492578 0.866211 0.238281 0.185547
5 0.687305 0.884180 0.224609 0.162109
5 0.744727 0.869727 0.001953 0.001953
5 0.558203 0.732422 0.207031 0.121094
5 0.464258 0.612305 0.134766 0.208984
5 0.408594 0.442969 0.226562 0.179688
5 0.361328 0.302539 0.175781 0.126953
5 0.415820 0.183203 0.181641 0.144531
5 0.583398 0.523047 0.201172 0.167969
5 0.670898 0.575781 0.232422 0.195312
5 0.733789 0.683398 0.158203 0.216797
5 0.604883 0.400000 0.181641 0.171875
5 0.497070 0.321680 0.197266 0.146484
5 0.726953 0.369531 0.128906 0.226562
5 0.658203 0.237109 0.191406 0.105469
5 0.612305 0.103906 0.224609 0.101562
