4 0.240625 0.074219 0.343750 0.148438
4 0.332617 0.179004 0.365234 0.161133
4 0.418945 0.417578 0.384766 0.253906
4 0.507812 0.582812 0.421875 0.328125
4 0.183008 0.705859 0.306641 0.355469
4 0.297266 0.787695 0.253906 0.353516
4 0.447070 0.814746 0.212891 0.276367
4 0.833984 0.745117 0.308594 0.255859
4 0.630469 0.865625 0.382812 0.250000
4 0.113281 0.556934 0.226562 0.354492
4 0.736719 0.440234 0.367188 0.339844
4 0.629687 0.103125 0.218750 0.171875
4 0.632422 0.200977 0.261719 0.158203
4 0.160547 0.310937 0.167969 0.171875
