6 0.912109 0.717480 0.105469 0.303711
6 0.804102 0.716895 0.111328 0.321289
6 0.677539 0.715234 0.142578 0.339844
6 0.627734 0.901660 0.121094 0.106445
6 0.736914 0.912793 0.095703 0.069336
6 0.833398 0.907031 0.091797 0.070312
6 0.884375 0.243262 0.140625 0.452148
6 0.742188 0.252930 0.140625 0.458984
6 0.597070 0.248438 0.150391 0.453125
6 0.417578 0.696191 0.113281 0.286133
6 0.305664 0.696289 0.111328 0.283203
6 0.195312 0.696387 0.109375 0.280273
6 0.087500 0.695410 0.109375 0.278320
6 0.411719 0.253711 0.117188 0.326172
6 0.302734 0.252734 0.105469 0.324219
6 0.195312 0.251367 0.109375 0.318359
6 0.087695 0.251758 0.119141 0.322266
