3 0.737109 0.731836 0.199219 0.435547
3 0.256641 0.234375 0.441406 0.390625
3 0.877539 0.323828 0.189453 0.191406
3 0.843750 0.309180 0.156250 0.208984
3 0.791602 0.294629 0.126953 0.223633
3 0.747070 0.275391 0.103516 0.238281
3 0.699219 0.249805 0.085938 0.255859
3 0.658594 0.216797 0.085938 0.292969
3 0.391016 0.862109 0.191406 0.261719
3 0.352930 0.839941 0.162109 0.286133
3 0.298828 0.818359 0.128906 0.308594
3 0.252734 0.793262 0.105469 0.327148
3 0.201758 0.756445 0.087891 0.353516
3 0.160547 0.711523 0.089844 0.404297
