5 0.349609 0.210938 0.105469 0.234375
5 0.459570 0.201563 0.103516 0.218750
5 0.560352 0.199609 0.095703 0.214844
5 0.388672 0.565430 0.089844 0.177734
5 0.477148 0.563477 0.091797 0.173828
5 0.568945 0.562500 0.087891 0.187500
5 0.407031 0.845508 0.085938 0.166016
5 0.495508 0.838867 0.087891 0.162109
5 0.578516 0.828516 0.082031 0.160156
0 0.641211 0.199023 0.076172 0.216797
0 0.728125 0.189062 0.078125 0.203125
0 0.803125 0.185938 0.078125 0.203125
0 0.875977 0.184375 0.080078 0.203125
0 0.959766 0.176367 0.082031 0.193359
0 0.654297 0.482812 0.074219 0.187500
0 0.731445 0.475195 0.072266 0.181641
0 0.805273 0.472461 0.076172 0.185547
0 0.866211 0.481250 0.060547 0.171875
0 0.936523 0.481250 0.076172 0.171875
0 0.785742 0.759570 0.068359 0.166016
0 0.853906 0.712695 0.070312 0.166016
0 0.924609 0.706641 0.074219 0.160156
0 0.979883 0.704883 0.041016 0.166016
0 0.781250 0.963672 0.062500 0.074219
0 0.830859 0.930273 0.058594 0.138672
0 0.896289 0.925781 0.064453 0.148438
0 0.967578 0.929102 0.066406 0.142578
0 0.647266 0.770312 0.066406 0.171875
0 0.714453 0.763672 0.066406 0.167969
0 0.645312 0.969336 0.062500 0.060547
0 0.711914 0.964844 0.064453 0.070312
