0 0.051758 0.271484 0.103516 0.277344
0 0.142578 0.266016 0.144531 0.285156
0 0.258789 0.258594 0.142578 0.289062
0 0.378320 0.252930 0.134766 0.302734
0 0.516016 0.271875 0.113281 0.250000
0 0.630664 0.266211 0.126953 0.263672
0 0.759766 0.258398 0.128906 0.263672
0 0.880273 0.276953 0.107422 0.222656
0 0.964258 0.264648 0.072266 0.216797
5 0.066406 0.702539 0.132812 0.330078
0 0.207422 0.698047 0.167969 0.355469
0 0.339844 0.690430 0.148438 0.349609
0 0.466406 0.692187 0.148438 0.359375
0 0.604297 0.697852 0.152344 0.376953
0 0.760156 0.695703 0.148438 0.378906
0 0.921484 0.695312 0.152344 0.390625
