5 0.782813 0.213281 0.062500 0.179688
0 0.895898 0.242188 0.044922 0.140625
0 0.949609 0.235742 0.042969 0.162109
0 0.234180 0.155078 0.083984 0.191406
5 0.041797 0.515625 0.074219 0.234375
5 0.134766 0.543945 0.113281 0.291016
5 0.245508 0.506836 0.150391 0.341797
5 0.377344 0.501953 0.117188 0.316406
5 0.484180 0.497852 0.099609 0.298828
5 0.588281 0.492188 0.101562 0.281250
5 0.684570 0.489063 0.087891 0.265625
5 0.759375 0.484375 0.078125 0.250000
5 0.843164 0.481055 0.080078 0.240234
5 0.910742 0.480469 0.068359 0.226562
