5 0.387500 0.743945 0.390625 0.181641
5 0.415430 0.648828 0.412109 0.222656
5 0.509766 0.312109 0.503906 0.246094
5 0.441016 0.226562 0.472656 0.234375
5 0.881152 0.628516 0.237305 0.128906
5 0.910156 0.512305 0.179688 0.130859
5 0.945312 0.385352 0.109375 0.158203
5 0.933008 0.197852 0.134766 0.158203
0 0.361914 0.921289 0.455078 0.158203
0 0.282227 0.877539 0.501953 0.220703
0 0.808594 0.933008 0.367188 0.134766
0 0.842090 0.835352 0.315430 0.205078
0 0.815234 0.746680 0.371094 0.177734
5 0.453125 0.488867 0.453125 0.193359
