1 0.172656 0.065625 0.248438 0.131250
1 0.176563 0.211719 0.218750 0.154688
1 0.180469 0.331250 0.217188 0.156250
1 0.189844 0.485938 0.232813 0.143750
1 0.188281 0.610938 0.214062 0.115625
1 0.210156 0.760938 0.251563 0.196875
1 0.196875 0.918750 0.237500 0.143750
1 0.417969 0.078125 0.198437 0.118750
1 0.423438 0.188281 0.168750 0.117188
1 0.443750 0.286719 0.206250 0.123438
1 0.454688 0.429688 0.196875 0.131250
1 0.457031 0.527344 0.207813 0.104688
1 0.457813 0.635938 0.200000 0.121875
1 0.464844 0.765625 0.220312 0.137500
1 0.458594 0.903906 0.207813 0.135937
1 0.774219 0.100781 0.135937 0.101562
1 0.819531 0.189062 0.195312 0.118750
1 0.810156 0.294531 0.182812 0.098437
1 0.821094 0.402344 0.210938 0.123438
1 0.820312 0.527344 0.196875 0.126562
1 0.842187 0.662500 0.240625 0.153125
1 0.825000 0.792969 0.209375 0.132812
1 0.823438 0.883594 0.190625 0.098437
