5 0.793555 0.104883 0.412109 0.181641
5 0.767578 0.254688 0.347656 0.140625
5 0.248438 0.033203 0.343750 0.066406
5 0.258398 0.164648 0.341797 0.123047
5 0.253711 0.324023 0.341797 0.123047
5 0.260547 0.478320 0.339844 0.119141
5 0.262695 0.604297 0.337891 0.105469
5 0.263086 0.722070 0.310547 0.119141
5 0.267383 0.850195 0.306641 0.119141
0 0.792578 0.415820 0.394531 0.103516
0 0.793750 0.531250 0.390625 0.109375
0 0.797461 0.645312 0.404297 0.109375
0 0.794336 0.749609 0.388672 0.105469
0 0.801367 0.897852 0.396484 0.126953
