1 0.859375 0.043945 0.187500 0.087891
1 0.861914 0.152930 0.189453 0.146484
1 0.869922 0.294727 0.199219 0.142578
1 0.866016 0.439063 0.191406 0.156250
1 0.872461 0.582422 0.201172 0.152344
1 0.873437 0.727539 0.203125 0.158203
1 0.877930 0.866602 0.208984 0.158203
1 0.633398 0.072266 0.185547 0.144531
1 0.637500 0.216406 0.187500 0.164062
1 0.637500 0.378320 0.187500 0.166016
1 0.639258 0.541016 0.181641 0.160156
1 0.641211 0.705078 0.185547 0.160156
1 0.410156 0.723242 0.179688 0.177734
1 0.410156 0.562305 0.179688 0.162109
1 0.407031 0.409180 0.179688 0.162109
1 0.420508 0.246484 0.150391 0.167969
1 0.403906 0.079102 0.179688 0.158203
1 0.165820 0.066406 0.134766 0.132812
1 0.190234 0.409961 0.152344 0.107422
1 0.167969 0.523242 0.179688 0.130859
1 0.167969 0.650391 0.179688 0.128906
1 0.165625 0.768359 0.187500 0.136719
1 0.171484 0.182617 0.152344 0.130859
