5 0.248633 0.480859 0.228516 0.167969
5 0.207617 0.803711 0.224609 0.216797
5 0.397461 0.626367 0.216797 0.193359
5 0.384082 0.311914 0.227539 0.189453
5 0.399805 0.757227 0.240234 0.189453
5 0.491211 0.916797 0.248047 0.167969
5 0.629492 0.768164 0.224609 0.236328
5 0.657129 0.936914 0.114258 0.126953
5 0.778711 0.871680 0.154297 0.255859
5 0.868555 0.780664 0.255859 0.220703
5 0.764648 0.577148 0.216797 0.248047
5 0.902344 0.525000 0.195312 0.203125
5 0.849414 0.376758 0.189453 0.212891
5 0.945410 0.306445 0.106445 0.119141
5 0.738086 0.218750 0.216797 0.140625
5 0.599023 0.470508 0.154297 0.212891
5 0.518945 0.487695 0.181641 0.197266
5 0.526172 0.605273 0.230469 0.232422
5 0.718555 0.404102 0.208984 0.189453
5 0.561914 0.283789 0.220703 0.189453
5 0.979395 0.579102 0.040039 0.080078
