1 0.168359 0.123633 0.089844 0.181641
1 0.260742 0.114258 0.130859 0.228516
1 0.218359 0.338672 0.199219 0.277344
1 0.078125 0.347070 0.156250 0.275391
0 0.391211 0.115234 0.138672 0.230469
0 0.537109 0.116211 0.152344 0.232422
0 0.563867 0.342383 0.162109 0.259766
0 0.407813 0.345117 0.156250 0.255859
0 0.578711 0.801367 0.279297 0.396484
0 0.302734 0.803516 0.277344 0.394531
1 0.092773 0.108398 0.123047 0.216797
1 0.089844 0.785742 0.179688 0.427734
0 0.359180 0.661719 0.177734 0.210938
0 0.381250 0.608398 0.156250 0.185547
0 0.582812 0.653125 0.234375 0.187500
0 0.562109 0.595117 0.199219 0.162109
1 0.140625 0.614062 0.187500 0.234375
