6 0.756250 0.144336 0.234375 0.123047
6 0.755859 0.243164 0.230469 0.111328
6 0.755469 0.342383 0.226562 0.103516
6 0.754492 0.441992 0.224609 0.099609
6 0.756250 0.534961 0.218750 0.091797
6 0.755859 0.622656 0.214844 0.085938
6 0.756445 0.709570 0.212891 0.087891
6 0.759180 0.795703 0.208984 0.082031
6 0.759766 0.875977 0.207031 0.080078
6 0.760352 0.957617 0.205078 0.083984
6 0.468359 0.140039 0.199219 0.111328
6 0.474219 0.240820 0.195312 0.103516
6 0.479102 0.337305 0.189453 0.099609
6 0.488281 0.430273 0.179688 0.091797
6 0.492578 0.517383 0.175781 0.087891
6 0.495703 0.599219 0.175781 0.085938
6 0.497656 0.687891 0.179688 0.097656
6 0.502930 0.779102 0.177734 0.080078
6 0.506641 0.859375 0.175781 0.078125
6 0.560352 0.857227 0.001953 0.001953
6 0.513086 0.935937 0.169922 0.078125
6 0.331445 0.936523 0.197266 0.076172
6 0.322656 0.858203 0.195312 0.082031
6 0.317383 0.776367 0.197266 0.083984
6 0.311133 0.690820 0.197266 0.087891
6 0.309375 0.606055 0.203125 0.083984
6 0.301367 0.522461 0.208984 0.091797
6 0.293945 0.435352 0.212891 0.095703
6 0.283008 0.341602 0.212891 0.095703
6 0.274023 0.247070 0.216797 0.103516
6 0.264062 0.147461 0.218750 0.107422
6 0.357422 0.049805 0.417969 0.099609
