4 0.746680 0.734961 0.505859 0.529297
4 0.866602 0.416895 0.267578 0.446289
4 0.945898 0.360938 0.107422 0.437500
4 0.777930 0.183594 0.443359 0.367188
4 0.483984 0.447559 0.527344 0.729492
4 0.459863 0.168457 0.313477 0.336914
4 0.495898 0.060547 0.185547 0.121094
4 0.280859 0.791309 0.464844 0.416992
4 0.227539 0.541797 0.267578 0.292969
4 0.111328 0.356543 0.222656 0.381836
4 0.091797 0.109375 0.183594 0.218750
4 0.199219 0.232422 0.164062 0.464844
4 0.053711 0.613379 0.107422 0.239258
4 0.031250 0.843848 0.062500 0.309570
4 0.395898 0.936328 0.138672 0.128906
