3 0.831055 0.567187 0.193359 0.453125
3 0.678125 0.300586 0.359375 0.310547
3 0.623828 0.585352 0.238281 0.345703
3 0.678125 0.582422 0.234375 0.449219
3 0.710742 0.669531 0.240234 0.460938
3 0.498437 0.858984 0.437500 0.214844
3 0.350977 0.403320 0.314453 0.369141
3 0.392578 0.415625 0.300781 0.406250
3 0.444141 0.447852 0.253906 0.455078
3 0.517188 0.527344 0.250000 0.367188
3 0.412695 0.222461 0.306641 0.310547
3 0.324609 0.253516 0.230469 0.425781
3 0.253320 0.638281 0.384766 0.351562
3 0.282031 0.625781 0.351562 0.335938
