5 0.749414 0.131641 0.298828 0.253906
5 0.539844 0.120508 0.289062 0.212891
5 0.322852 0.091211 0.236328 0.169922
5 0.255859 0.307617 0.183594 0.240234
5 0.449609 0.272461 0.230469 0.154297
5 0.759375 0.261328 0.250000 0.207031
5 0.547656 0.416016 0.132812 0.238281
5 0.317188 0.427148 0.265625 0.201172
5 0.409570 0.497656 0.212891 0.164062
5 0.242578 0.635156 0.128906 0.226562
5 0.303711 0.802539 0.216797 0.111328
5 0.341797 0.941406 0.246094 0.117188
5 0.374805 0.626758 0.193359 0.166016
5 0.487695 0.728516 0.212891 0.128906
5 0.640430 0.775195 0.208984 0.119141
5 0.592383 0.612891 0.244141 0.222656
5 0.740820 0.474023 0.259766 0.216797
5 0.761328 0.586328 0.238281 0.175781
5 0.789648 0.799805 0.123047 0.193359
5 0.566797 0.891211 0.214844 0.123047
