3 0.897461 0.159570 0.169922 0.212891
3 0.904883 0.416016 0.134766 0.222656
3 0.792773 0.524023 0.216797 0.216797
3 0.867578 0.812109 0.175781 0.246094
3 0.646094 0.819922 0.273438 0.183594
3 0.613672 0.613281 0.277344 0.179688
3 0.328711 0.798242 0.326172 0.333984
3 0.182227 0.499805 0.330078 0.349609
3 0.310352 0.370703 0.330078 0.300781
3 0.272266 0.103516 0.316406 0.207031
3 0.560937 0.295312 0.234375 0.281250
3 0.735742 0.270508 0.208984 0.166016
3 0.631641 0.118164 0.222656 0.236328
3 0.725391 0.064453 0.160156 0.128906
