3 0.840820 0.952539 0.228516 0.095703
3 0.833008 0.895312 0.197266 0.093750
3 0.815820 0.735352 0.150391 0.142578
3 0.806250 0.598047 0.156250 0.136719
3 0.794727 0.457422 0.173828 0.136719
3 0.794531 0.326172 0.164062 0.136719
3 0.791797 0.160156 0.183594 0.148438
3 0.795898 0.055664 0.169922 0.111328
3 0.585938 0.068359 0.250000 0.136719
3 0.592578 0.242773 0.238281 0.185547
3 0.595703 0.395898 0.238281 0.154297
3 0.548828 0.571680 0.378906 0.287109
3 0.555664 0.855469 0.376953 0.289062
3 0.254883 0.131836 0.369141 0.263672
3 0.250977 0.357227 0.376953 0.283203
3 0.233984 0.625781 0.339844 0.257812
3 0.239063 0.874414 0.375000 0.251953
