0 0.051758 0.265430 0.103516 0.365234
0 0.173828 0.241992 0.207031 0.412109
0 0.360742 0.237109 0.193359 0.417969
0 0.518164 0.247461 0.126953 0.388672
0 0.669922 0.242188 0.152344 0.375000
0 0.833789 0.238867 0.173828 0.396484
0 0.945898 0.233008 0.107422 0.369141
0 0.096484 0.779297 0.152344 0.324219
0 0.212695 0.777148 0.119141 0.310547
0 0.309570 0.786914 0.134766 0.314453
0 0.421484 0.784180 0.121094 0.318359
0 0.542773 0.786719 0.123047 0.320312
0 0.676562 0.785742 0.125000 0.318359
0 0.772461 0.774023 0.107422 0.326172
0 0.880469 0.786914 0.132812 0.330078
