2 0.249316 0.096484 0.208008 0.167969
2 0.238574 0.264453 0.202148 0.128906
2 0.260059 0.419531 0.198242 0.101562
2 0.247070 0.565820 0.197266 0.119141
2 0.272949 0.690820 0.202148 0.134766
2 0.259277 0.889062 0.190430 0.171875
2 0.429199 0.905664 0.249023 0.189453
2 0.399902 0.795898 0.268555 0.138672
2 0.423145 0.615039 0.258789 0.126953
2 0.377637 0.460938 0.186523 0.093750
2 0.392578 0.337891 0.191406 0.097656
2 0.371191 0.230078 0.145508 0.113281
2 0.429395 0.088867 0.274414 0.177734
2 0.552734 0.128906 0.308594 0.164062
2 0.549805 0.235937 0.271484 0.125000
2 0.549121 0.380664 0.291992 0.095703
2 0.513770 0.518555 0.305664 0.099609
2 0.588379 0.610938 0.270508 0.109375
2 0.481152 0.702539 0.268555 0.111328
2 0.566113 0.849414 0.157227 0.126953
2 0.634082 0.806250 0.196289 0.109375
2 0.689551 0.303711 0.407227 0.138672
2 0.693652 0.197266 0.174805 0.097656
2 0.724121 0.603125 0.229492 0.093750
2 0.675293 0.682617 0.209961 0.068359
2 0.696582 0.764648 0.165039 0.107422
2 0.797949 0.683984 0.139648 0.074219
2 0.743652 0.749414 0.159180 0.080078
2 0.748145 0.412109 0.211914 0.058594
2 0.760840 0.536719 0.190430 0.054688
2 0.791504 0.211914 0.161133 0.064453
2 0.675488 0.481250 0.422852 0.125000
