1 0.875000 0.125391 0.234375 0.128906
1 0.875586 0.230469 0.232422 0.085938
1 0.875586 0.350391 0.232422 0.128906
1 0.876563 0.472656 0.234375 0.132812
1 0.596680 0.204102 0.240234 0.173828
1 0.596289 0.356445 0.236328 0.150391
1 0.598437 0.492188 0.234375 0.125000
1 0.338867 0.441406 0.193359 0.148438
1 0.338477 0.309961 0.189453 0.123047
1 0.320312 0.242578 0.156250 0.097656
1 0.330469 0.109766 0.195312 0.175781
1 0.130469 0.444141 0.132812 0.082031
1 0.134375 0.504687 0.125000 0.046875
1 0.121094 0.289062 0.148438 0.031250
1 0.117578 0.346289 0.160156 0.111328
1 0.105469 0.216797 0.179688 0.121094
1 0.106055 0.115234 0.177734 0.105469
1 0.098242 0.039062 0.193359 0.078125
1 0.881641 0.753711 0.238281 0.169922
1 0.877930 0.615039 0.240234 0.142578
1 0.913477 0.935156 0.173828 0.117188
1 0.595117 0.910742 0.240234 0.177734
1 0.590234 0.761328 0.230469 0.128906
1 0.588867 0.651172 0.224609 0.105469
1 0.594727 0.578516 0.220703 0.066406
1 0.341797 0.929102 0.183594 0.142578
1 0.339453 0.807617 0.191406 0.099609
1 0.339453 0.731055 0.191406 0.099609
1 0.339258 0.626563 0.197266 0.125000
1 0.114844 0.886328 0.164062 0.144531
1 0.114258 0.792383 0.166016 0.072266
1 0.113086 0.706836 0.169922 0.138672
1 0.110352 0.612891 0.173828 0.113281
