2 0.779102 0.839941 0.173828 0.239258
2 0.601367 0.848242 0.177734 0.271484
2 0.420703 0.859766 0.175781 0.238281
2 0.252734 0.863379 0.183594 0.208008
2 0.672266 0.660449 0.207031 0.233398
2 0.511719 0.687598 0.164062 0.200195
2 0.308203 0.429688 0.300781 0.796875
2 0.741797 0.507910 0.230469 0.168945
2 0.500781 0.508203 0.132812 0.175781
2 0.599219 0.379590 0.179688 0.377930
2 0.774414 0.325488 0.205078 0.188477
2 0.769531 0.149023 0.195312 0.232422
2 0.595703 0.144531 0.175781 0.195312
2 0.437109 0.135352 0.136719 0.205078
2 0.458008 0.332324 0.134766 0.186523
2 0.222266 0.686133 0.175781 0.181641
2 0.183984 0.503027 0.105469 0.174805
