5 0.071094 0.279297 0.117188 0.355469
5 0.195021 0.282413 0.130667 0.380452
5 0.439453 0.277148 0.113281 0.357422
5 0.314063 0.277441 0.109375 0.348633
5 0.578516 0.343555 0.128906 0.240234
5 0.705078 0.339648 0.113281 0.232422
5 0.820703 0.336035 0.113281 0.231445
5 0.925781 0.337012 0.117188 0.233398
5 0.060547 0.750977 0.089844 0.205078
5 0.152734 0.750977 0.089844 0.205078
5 0.249609 0.754687 0.089844 0.203125
5 0.348047 0.755664 0.089844 0.205078
5 0.444336 0.757715 0.091797 0.206055
5 0.572656 0.788184 0.117188 0.307617
5 0.759766 0.814355 0.097656 0.256836
5 0.923242 0.835352 0.083984 0.220703
