6 0.078711 0.269336 0.138672 0.326172
6 0.206055 0.261328 0.115234 0.316406
6 0.321289 0.256445 0.111328 0.306641
6 0.432227 0.250977 0.111328 0.298828
6 0.249805 0.748437 0.162109 0.484375
6 0.606445 0.251758 0.150391 0.291016
6 0.759180 0.252441 0.146484 0.286133
6 0.902930 0.254688 0.162109 0.281250
6 0.595117 0.637109 0.146484 0.246094
6 0.740039 0.636719 0.142578 0.242188
6 0.883789 0.635547 0.142578 0.246094
6 0.602930 0.873633 0.146484 0.228516
6 0.743164 0.873633 0.142578 0.228516
6 0.887500 0.874023 0.140625 0.232422
