5 0.213672 0.738867 0.292969 0.443359
5 0.092773 0.683008 0.185547 0.353516
5 0.371094 0.667578 0.195312 0.410156
5 0.515430 0.578516 0.130859 0.394531
5 0.290625 0.476367 0.203125 0.115234
5 0.148828 0.447656 0.113281 0.195312
5 0.754492 0.434180 0.115234 0.380859
5 0.823633 0.425781 0.087891 0.304688
5 0.677344 0.410156 0.101562 0.367188
5 0.599023 0.367578 0.076172 0.347656
5 0.455078 0.315039 0.082031 0.298828
5 0.504297 0.292578 0.089844 0.238281
5 0.542578 0.284961 0.082031 0.201172
5 0.902734 0.319141 0.105469 0.316406
