0 0.274805 0.957617 0.224609 0.083984
0 0.273242 0.884570 0.224609 0.103516
0 0.236914 0.792969 0.298828 0.117188
0 0.239648 0.718164 0.294922 0.080078
0 0.235352 0.637695 0.298828 0.103516
0 0.234180 0.539453 0.302734 0.097656
0 0.233203 0.443164 0.300781 0.095703
0 0.230078 0.345508 0.300781 0.103516
0 0.846680 0.928516 0.177734 0.097656
0 0.858203 0.833008 0.175781 0.103516
0 0.860156 0.736914 0.179688 0.095703
0 0.861133 0.641016 0.181641 0.097656
0 0.859375 0.544922 0.187500 0.089844
0 0.859375 0.444922 0.187500 0.089844
0 0.863672 0.359375 0.183594 0.078125
0 0.857031 0.275000 0.179688 0.078125
0 0.862695 0.192969 0.181641 0.085938
0 0.864258 0.108984 0.181641 0.089844
0 0.870117 0.036133 0.177734 0.072266
0 0.261328 0.051758 0.238281 0.103516
