5 0.932422 0.331641 0.105469 0.253906
5 0.921289 0.589648 0.158203 0.248047
5 0.850000 0.807227 0.250000 0.095703
5 0.774023 0.622461 0.248047 0.169922
5 0.763672 0.326953 0.230469 0.144531
5 0.739844 0.497461 0.226562 0.185547
5 0.634375 0.220117 0.250000 0.130859
5 0.554688 0.409961 0.156250 0.263672
5 0.548828 0.641406 0.285156 0.117188
5 0.630859 0.753516 0.261719 0.160156
5 0.368555 0.211523 0.318359 0.185547
5 0.358789 0.373437 0.314453 0.218750
5 0.134766 0.316992 0.128906 0.333984
5 0.267188 0.498047 0.296875 0.105469
5 0.276758 0.631836 0.291016 0.154297
5 0.421484 0.767188 0.277344 0.156250
5 0.340820 0.829688 0.322266 0.171875
