4 0.871094 0.884473 0.257812 0.231445
4 0.775781 0.554785 0.445312 0.356445
4 0.295898 0.494922 0.591797 0.292969
4 0.493945 0.752832 0.291016 0.227539
4 0.467773 0.656055 0.326172 0.146484
4 0.557227 0.877051 0.392578 0.235352
4 0.214453 0.740625 0.410156 0.437500
4 0.083008 0.717187 0.166016 0.234375
4 0.073242 0.913184 0.146484 0.120117
4 0.178125 0.969336 0.156250 0.060547
4 0.720508 0.305664 0.462891 0.251953
4 0.862695 0.175781 0.275391 0.351562
4 0.750000 0.092773 0.125000 0.185547
4 0.677148 0.106543 0.107422 0.209961
4 0.584961 0.135547 0.123047 0.214844
4 0.355859 0.170996 0.339844 0.323242
4 0.495117 0.191699 0.099609 0.280273
4 0.372656 0.371387 0.210938 0.124023
4 0.180664 0.091797 0.361328 0.183594
4 0.093750 0.195703 0.187500 0.144531
4 0.184180 0.289355 0.224609 0.178711
4 0.071289 0.120117 0.142578 0.099609
4 0.475195 0.079102 0.228516 0.158203
4 0.409961 0.424902 0.388672 0.143555
4 0.820898 0.693262 0.357422 0.217773
