2 0.151953 0.420508 0.207031 0.197266
2 0.291602 0.399219 0.220703 0.195312
2 0.403906 0.248047 0.117188 0.105469
2 0.493750 0.264453 0.062500 0.175781
2 0.414062 0.398242 0.109375 0.255859
2 0.352930 0.596484 0.208984 0.167969
2 0.218164 0.610352 0.064453 0.189453
2 0.267188 0.805469 0.250000 0.132812
2 0.383398 0.749414 0.216797 0.095703
2 0.561523 0.726172 0.138672 0.214844
2 0.588477 0.665039 0.001953 0.001953
2 0.577734 0.614062 0.136719 0.281250
2 0.762305 0.754297 0.099609 0.324219
2 0.728320 0.532031 0.212891 0.070312
2 0.657617 0.457422 0.193359 0.089844
2 0.509375 0.454688 0.125000 0.078125
2 0.602539 0.376953 0.205078 0.066406
2 0.628906 0.259375 0.195312 0.109375
2 0.546680 0.157227 0.193359 0.126953
2 0.751563 0.354883 0.171875 0.150391
2 0.824219 0.346484 0.179688 0.152344
2 0.945312 0.443164 0.062500 0.205078
