4 0.779687 0.106445 0.187500 0.119141
4 0.682227 0.166797 0.220703 0.136719
4 0.685937 0.295703 0.203125 0.160156
4 0.776758 0.224609 0.166016 0.121094
4 0.796777 0.359961 0.206055 0.138672
4 0.732031 0.399219 0.226562 0.132812
4 0.854199 0.267969 0.139648 0.117188
4 0.863184 0.149805 0.104492 0.115234
4 0.695703 0.639648 0.207031 0.138672
4 0.632422 0.633203 0.027344 0.035156
4 0.760156 0.602344 0.226562 0.132812
4 0.805664 0.705078 0.205078 0.160156
4 0.810352 0.833984 0.220703 0.136719
4 0.712500 0.893945 0.187500 0.119141
4 0.629297 0.851367 0.105469 0.115234
4 0.638086 0.731445 0.138672 0.119141
4 0.715820 0.776172 0.166016 0.121094
4 0.250781 0.174805 0.289062 0.318359
4 0.395410 0.134375 0.184570 0.234375
4 0.140137 0.253906 0.249023 0.476562
4 0.178516 0.386133 0.238281 0.212891
4 0.338672 0.367773 0.308594 0.248047
4 0.169629 0.622656 0.239258 0.132812
4 0.137598 0.737305 0.200195 0.146484
4 0.170898 0.866016 0.248047 0.160156
4 0.265039 0.735352 0.173828 0.173828
