1 0.459935 0.129824 0.122995 0.197148
1 0.029297 0.142187 0.058594 0.187500
1 0.097656 0.139648 0.148438 0.185547
1 0.588867 0.117578 0.130859 0.191406
1 0.714258 0.120117 0.134766 0.177734
1 0.834570 0.117773 0.134766 0.169922
1 0.943750 0.128711 0.109375 0.154297
1 0.059570 0.381445 0.119141 0.150391
1 0.161133 0.382422 0.150391 0.136719
1 0.359375 0.372461 0.140625 0.154297
1 0.802148 0.365039 0.107422 0.126953
1 0.910156 0.360938 0.117188 0.125000
1 0.976562 0.349023 0.046875 0.123047
1 0.397070 0.557031 0.134766 0.148438
1 0.525391 0.550391 0.128906 0.144531
1 0.649219 0.565234 0.085938 0.105469
1 0.829883 0.558984 0.103516 0.105469
1 0.940039 0.548438 0.095703 0.093750
1 0.964258 0.564258 0.072266 0.087891
1 0.029297 0.765234 0.058594 0.074219
1 0.095508 0.749805 0.103516 0.115234
1 0.173633 0.747852 0.103516 0.111328
1 0.272461 0.741797 0.107422 0.121094
1 0.341602 0.737305 0.095703 0.115234
1 0.426758 0.733984 0.087891 0.121094
1 0.513672 0.732422 0.089844 0.121094
1 0.595313 0.727930 0.093750 0.115234
1 0.691992 0.726172 0.099609 0.105469
1 0.790430 0.724023 0.099609 0.107422
1 0.878516 0.715234 0.097656 0.121094
1 0.961523 0.714453 0.076172 0.097656
1 0.777344 0.532813 0.085938 0.125000
1 0.217578 0.134766 0.128906 0.175781
1 0.348047 0.129297 0.121094 0.183594
