5 0.166016 0.375391 0.191406 0.207031
5 0.296875 0.306641 0.109375 0.222656
5 0.433594 0.314258 0.148438 0.228516
5 0.522266 0.282617 0.128906 0.224609
5 0.617188 0.288086 0.125000 0.232422
5 0.712891 0.278906 0.097656 0.226562
5 0.829102 0.276758 0.111328 0.228516
5 0.185547 0.624609 0.121094 0.214844
5 0.284180 0.563281 0.130859 0.257812
5 0.389648 0.593164 0.107422 0.251953
5 0.457422 0.626758 0.089844 0.212891
5 0.530664 0.600000 0.111328 0.250000
5 0.649219 0.579492 0.117188 0.271484
5 0.728320 0.572266 0.119141 0.285156
5 0.827734 0.561133 0.089844 0.212891
