6 0.057617 0.173828 0.115234 0.347656
6 0.583789 0.178516 0.158203 0.316406
6 0.701758 0.188867 0.166016 0.302734
6 0.917383 0.201172 0.166016 0.292969
6 0.063477 0.605273 0.126953 0.294922
6 0.182617 0.601367 0.130859 0.287109
6 0.639062 0.624805 0.140625 0.224609
6 0.743555 0.623437 0.146484 0.218750
6 0.845508 0.623047 0.150391 0.214844
6 0.816992 0.198633 0.177734 0.291016
6 0.539648 0.618750 0.123047 0.250000
6 0.378711 0.901367 0.091797 0.177734
6 0.288086 0.908984 0.091797 0.183594
6 0.195703 0.910742 0.097656 0.177734
6 0.101172 0.902734 0.105469 0.152344
