5 0.788867 0.237109 0.177734 0.121094
5 0.558984 0.129883 0.167969 0.150391
5 0.424609 0.089844 0.167969 0.148438
5 0.369141 0.155273 0.175781 0.154297
5 0.307031 0.191016 0.257812 0.128906
5 0.435937 0.334570 0.281250 0.228516
5 0.128906 0.287695 0.257812 0.197266
5 0.291016 0.396094 0.222656 0.164062
5 0.410547 0.549219 0.230469 0.273438
5 0.211523 0.617578 0.341797 0.160156
5 0.587305 0.740234 0.255859 0.246094
5 0.747852 0.644922 0.267578 0.199219
5 0.531055 0.506445 0.224609 0.212891
5 0.504687 0.228320 0.140625 0.134766
5 0.627539 0.343359 0.220703 0.183594
5 0.686328 0.256641 0.191406 0.113281
5 0.731445 0.339453 0.197266 0.128906
5 0.681250 0.435937 0.171875 0.203125
5 0.622461 0.448633 0.169922 0.212891
5 0.876563 0.604492 0.140625 0.240234
5 0.881250 0.439453 0.156250 0.160156
