1 0.153125 0.429688 0.125000 0.328125
1 0.235156 0.420898 0.132812 0.341797
1 0.327734 0.416406 0.089844 0.351562
1 0.397070 0.424219 0.119141 0.335938
1 0.480469 0.420508 0.132812 0.337891
1 0.575195 0.423828 0.103516 0.332031
1 0.644336 0.450195 0.138672 0.275391
1 0.784180 0.356055 0.099609 0.255859
1 0.871094 0.426172 0.164062 0.324219
1 0.843359 0.121094 0.121094 0.210938
1 0.681445 0.133398 0.119141 0.185547
1 0.598437 0.149023 0.093750 0.185547
1 0.502930 0.128320 0.099609 0.212891
1 0.403125 0.135352 0.109375 0.205078
1 0.307422 0.146289 0.105469 0.189453
1 0.790625 0.837695 0.187500 0.244141
1 0.622852 0.837695 0.158203 0.244141
1 0.454492 0.838281 0.193359 0.242188
1 0.264062 0.838867 0.187500 0.240234
