5 0.675586 0.875781 0.373047 0.148438
5 0.679688 0.763281 0.375000 0.132812
5 0.681055 0.656250 0.380859 0.140625
5 0.679688 0.526758 0.390625 0.119141
5 0.675781 0.385352 0.382812 0.126953
5 0.681641 0.248047 0.378906 0.152344
5 0.678516 0.141406 0.394531 0.148438
5 0.688281 0.051758 0.382812 0.103516
5 0.371680 0.819141 0.240234 0.128906
5 0.424805 0.858203 0.130859 0.113281
5 0.431250 0.742969 0.140625 0.101562
5 0.431250 0.638281 0.140625 0.132812
5 0.432617 0.528906 0.130859 0.132812
5 0.427148 0.372070 0.123047 0.134766
5 0.429688 0.267383 0.140625 0.134766
5 0.427734 0.153320 0.152344 0.119141
5 0.430078 0.055664 0.144531 0.111328
5 0.302148 0.159766 0.123047 0.113281
5 0.303516 0.279102 0.113281 0.126953
5 0.310937 0.368555 0.125000 0.130859
5 0.311328 0.504492 0.113281 0.115234
5 0.311523 0.624023 0.107422 0.123047
5 0.311914 0.716602 0.126953 0.064453
5 0.219141 0.791797 0.144531 0.121094
5 0.211523 0.694141 0.123047 0.082031
5 0.207617 0.605078 0.099609 0.097656
5 0.205469 0.501953 0.101562 0.113281
5 0.197070 0.284961 0.103516 0.123047
5 0.190430 0.145117 0.115234 0.130859
