5 0.259375 0.165430 0.203125 0.287109
5 0.404102 0.153711 0.095703 0.279297
5 0.599414 0.076953 0.267578 0.097656
5 0.477930 0.271875 0.115234 0.281250
5 0.573828 0.347266 0.128906 0.285156
5 0.686133 0.269922 0.119141 0.261719
5 0.798633 0.359375 0.103516 0.312500
5 0.245508 0.421484 0.244141 0.230469
5 0.368945 0.371094 0.181641 0.289062
5 0.624414 0.601367 0.283203 0.240234
5 0.744727 0.552539 0.298828 0.236328
5 0.331836 0.735742 0.310547 0.130859
5 0.362109 0.588477 0.292969 0.095703
5 0.556445 0.775000 0.306641 0.140625
5 0.723633 0.820703 0.369141 0.238281
5 0.314258 0.891016 0.322266 0.128906
