0 0.530273 0.117578 0.248047 0.097656
0 0.522266 0.210742 0.253906 0.115234
0 0.528125 0.308594 0.250000 0.101562
0 0.524414 0.408008 0.251953 0.103516
0 0.519531 0.508203 0.242188 0.097656
0 0.514062 0.608984 0.250000 0.105469
0 0.512500 0.720703 0.250000 0.113281
0 0.509766 0.833398 0.253906 0.123047
0 0.507617 0.941406 0.255859 0.117188
0 0.150781 0.887500 0.242188 0.109375
0 0.147266 0.606445 0.222656 0.087891
0 0.158203 0.345508 0.222656 0.087891
0 0.163867 0.265039 0.224609 0.080078
0 0.168750 0.106055 0.234375 0.083984
0 0.177734 0.044336 0.230469 0.076172
0 0.149414 0.519531 0.220703 0.085938
0 0.152930 0.433203 0.224609 0.082031
0 0.164062 0.183203 0.218750 0.097656
0 0.851367 0.633789 0.193359 0.064453
0 0.849414 0.570312 0.189453 0.062500
0 0.849414 0.508398 0.189453 0.060547
0 0.848437 0.446875 0.187500 0.062500
0 0.848437 0.385352 0.187500 0.064453
0 0.855859 0.322852 0.167969 0.064453
0 0.857422 0.266211 0.167969 0.060547
0 0.857422 0.211719 0.167969 0.070312
0 0.847461 0.149805 0.185547 0.068359
0 0.847461 0.088477 0.185547 0.080078
0 0.847461 0.035742 0.185547 0.068359
0 0.526953 0.035156 0.253906 0.070312
0 0.849023 0.959766 0.185547 0.082031
