0 0.112305 0.363086 0.224609 0.326172
0 0.421875 0.080078 0.171875 0.160156
0 0.246094 0.097656 0.226562 0.195312
0 0.117188 0.098633 0.234375 0.197266
0 0.224219 0.924609 0.367188 0.152344
5 0.427344 0.797461 0.601562 0.357422
5 0.680469 0.191406 0.507812 0.273438
5 0.569141 0.467383 0.550781 0.275391
5 0.553711 0.663867 0.404297 0.193359
5 0.877539 0.449023 0.111328 0.232422
5 0.790039 0.765625 0.126953 0.187500
5 0.819922 0.845703 0.199219 0.113281
5 0.822852 0.639258 0.142578 0.166016
5 0.947656 0.463867 0.054688 0.208984
0 0.286914 0.301367 0.267578 0.271484
