1 0.098437 0.971875 0.196875 0.056250
1 0.103906 0.907031 0.198437 0.104688
1 0.097656 0.782031 0.192188 0.129688
1 0.096875 0.660156 0.190625 0.107813
1 0.144531 0.255469 0.123438 0.123438
1 0.350781 0.972656 0.132812 0.054688
1 0.325000 0.898438 0.181250 0.153125
1 0.321094 0.807813 0.179688 0.090625
1 0.317188 0.699219 0.181250 0.123438
1 0.314844 0.572656 0.164062 0.126562
1 0.312500 0.480469 0.159375 0.107813
1 0.311719 0.353125 0.173437 0.115625
1 0.379688 0.266406 0.156250 0.089063
1 0.367188 0.138281 0.193750 0.123438
1 0.364063 0.038281 0.181250 0.073438
1 0.565625 0.859375 0.137500 0.118750
1 0.559375 0.753906 0.125000 0.126562
1 0.560156 0.634375 0.129688 0.112500
1 0.544531 0.533594 0.132812 0.104688
1 0.619531 0.194531 0.160938 0.114062
1 0.782813 0.976562 0.137500 0.046875
1 0.787500 0.898438 0.121875 0.106250
1 0.770312 0.832812 0.146875 0.084375
1 0.775781 0.763281 0.132812 0.076563
1 0.762500 0.687500 0.128125 0.062500
1 0.762500 0.628906 0.125000 0.073438
1 0.755469 0.575000 0.123438 0.078125
1 0.742969 0.500781 0.114062 0.076563
1 0.740625 0.451562 0.128125 0.081250
1 0.735938 0.344531 0.128125 0.117188
1 0.949219 0.959375 0.098437 0.081250
1 0.943750 0.866406 0.103125 0.110937
1 0.936719 0.728906 0.126562 0.148438
1 0.932813 0.591406 0.134375 0.151562
1 0.927344 0.475000 0.126562 0.128125
1 0.913281 0.358594 0.129688 0.126562
1 0.858594 0.221875 0.229687 0.168750
1 0.862500 0.108594 0.225000 0.167187
