2 0.907617 0.827734 0.115234 0.277344
2 0.774805 0.834766 0.083984 0.269531
2 0.673438 0.840625 0.093750 0.296875
2 0.565430 0.810937 0.099609 0.250000
2 0.340234 0.886523 0.246094 0.201172
2 0.203125 0.805957 0.171875 0.258789
2 0.080664 0.693750 0.142578 0.281250
2 0.723242 0.588477 0.380859 0.126953
2 0.850977 0.403711 0.251953 0.169922
2 0.708984 0.291602 0.183594 0.220703
2 0.578516 0.169629 0.144531 0.270508
2 0.379883 0.268164 0.197266 0.455078
2 0.199609 0.259082 0.121094 0.383789
2 0.075586 0.252246 0.123047 0.323242
