5 0.404687 0.187500 0.187500 0.171875
5 0.695703 0.185547 0.175781 0.199219
5 0.881641 0.280078 0.238281 0.222656
5 0.882812 0.458789 0.234375 0.236328
5 0.400000 0.313477 0.187500 0.189453
5 0.520312 0.308203 0.203125 0.191406
5 0.218750 0.387305 0.218750 0.162109
5 0.121680 0.521875 0.224609 0.140625
5 0.325000 0.509766 0.171875 0.191406
5 0.509766 0.422852 0.269531 0.189453
5 0.638672 0.411523 0.261719 0.138672
5 0.646094 0.491016 0.273438 0.128906
5 0.200000 0.621387 0.234375 0.139648
5 0.238281 0.725000 0.242188 0.265625
5 0.472070 0.649219 0.322266 0.242188
5 0.705469 0.619922 0.289062 0.214844
5 0.940820 0.674805 0.119141 0.333984
5 0.729102 0.781348 0.345703 0.184570
5 0.495703 0.851074 0.207031 0.295898
5 0.318945 0.929688 0.291016 0.140625
5 0.821094 0.929688 0.195312 0.140625
