4 0.572656 0.934180 0.148438 0.130859
4 0.494043 0.845313 0.084961 0.093750
4 0.636523 0.830469 0.201172 0.164062
4 0.524609 0.820703 0.074219 0.082031
4 0.659961 0.708789 0.154297 0.111328
4 0.535840 0.723633 0.127930 0.119141
4 0.556445 0.699609 0.087891 0.074219
4 0.430859 0.729883 0.136719 0.150391
4 0.362402 0.631250 0.127930 0.125000
4 0.383008 0.606836 0.087891 0.076172
4 0.310937 0.486328 0.140625 0.191406
4 0.407617 0.513086 0.115234 0.138672
4 0.482812 0.578125 0.140625 0.187500
4 0.462012 0.639648 0.092773 0.060547
4 0.609961 0.605273 0.169922 0.138672
4 0.704883 0.596680 0.103516 0.115234
4 0.655664 0.455664 0.205078 0.236328
4 0.533008 0.483008 0.087891 0.134766
4 0.483301 0.415039 0.094727 0.126953
4 0.427051 0.423633 0.079102 0.119141
4 0.353125 0.392383 0.093750 0.134766
4 0.451367 0.316211 0.115234 0.107422
4 0.604883 0.365234 0.181641 0.105469
4 0.509961 0.280078 0.123047 0.128906
4 0.578906 0.228516 0.164062 0.144531
4 0.673047 0.262109 0.105469 0.152344
4 0.403711 0.278125 0.091797 0.093750
4 0.471094 0.188867 0.132812 0.130859
4 0.535254 0.100195 0.098633 0.119141
4 0.638477 0.111719 0.158203 0.148438
4 0.614551 0.025391 0.110352 0.050781
