3 0.925195 0.714648 0.150391 0.216797
3 0.793750 0.712500 0.156250 0.218750
3 0.623437 0.758789 0.250000 0.330078
3 0.373633 0.753516 0.244141 0.332031
3 0.157031 0.769141 0.210938 0.332031
3 0.039062 0.742578 0.078125 0.410156
3 0.878320 0.447266 0.244141 0.316406
3 0.647461 0.446680 0.248047 0.318359
3 0.419336 0.460352 0.248047 0.298828
3 0.168555 0.475586 0.240234 0.310547
3 0.871094 0.177539 0.257812 0.330078
3 0.637109 0.183984 0.230469 0.308594
3 0.416016 0.200586 0.222656 0.310547
3 0.172656 0.218164 0.242188 0.314453
