0 0.059375 0.320312 0.081250 0.196875
0 0.132812 0.321094 0.081250 0.189062
0 0.204687 0.314063 0.084375 0.159375
0 0.364063 0.305469 0.084375 0.170313
0 0.282031 0.308594 0.076563 0.154688
0 0.563281 0.325781 0.064062 0.148438
0 0.769531 0.322656 0.064062 0.145313
0 0.839063 0.317188 0.062500 0.125000
0 0.967187 0.308594 0.065625 0.132812
0 0.903125 0.314844 0.056250 0.117188
0 0.697656 0.304688 0.070312 0.112500
0 0.866406 0.593750 0.195312 0.475000
0 0.674219 0.592969 0.207813 0.504687
0 0.467187 0.607812 0.200000 0.503125
0 0.265625 0.599219 0.231250 0.492188
0 0.092969 0.610156 0.182812 0.495312
