4 0.404785 0.862695 0.340820 0.275391
4 0.257129 0.756641 0.208008 0.113281
4 0.040527 0.708984 0.081055 0.464844
4 0.426758 0.418359 0.556641 0.527344
4 0.152832 0.479492 0.211914 0.333984
4 0.370508 0.657031 0.353516 0.164062
4 0.120605 0.356250 0.241211 0.296875
4 0.074219 0.150000 0.148438 0.234375
4 0.285449 0.109375 0.311523 0.218750
4 0.115723 0.087891 0.200195 0.175781
4 0.525879 0.167773 0.379883 0.294922
4 0.577246 0.078125 0.260742 0.156250
4 0.897852 0.228906 0.205078 0.429688
4 0.765039 0.640234 0.439453 0.355469
4 0.914062 0.815234 0.171875 0.292969
4 0.929785 0.948047 0.137695 0.105469
