5 0.956445 0.331055 0.087891 0.365234
5 0.894141 0.331543 0.113281 0.366211
5 0.826953 0.339648 0.113281 0.357422
5 0.769531 0.328125 0.085938 0.359375
5 0.668945 0.585938 0.087891 0.093750
5 0.694434 0.328418 0.135742 0.350586
5 0.523438 0.366504 0.203125 0.473633
5 0.614941 0.441406 0.020508 0.039062
5 0.607031 0.245410 0.085938 0.231445
5 0.473926 0.366211 0.063477 0.279297
5 0.411719 0.337207 0.085938 0.336914
5 0.354883 0.333789 0.087891 0.330078
5 0.275391 0.345020 0.144531 0.336914
5 0.214648 0.342871 0.138672 0.338867
5 0.157031 0.343066 0.132812 0.333008
5 0.105273 0.342187 0.123047 0.328125
5 0.051758 0.345313 0.103516 0.328125
5 0.021484 0.356543 0.042969 0.288086
5 0.973242 0.582324 0.052734 0.061523
5 0.917578 0.578906 0.066406 0.054688
5 0.859375 0.576953 0.062500 0.050781
5 0.520312 0.588281 0.046875 0.054688
5 0.469531 0.582910 0.054688 0.059570
5 0.415430 0.582910 0.052734 0.059570
5 0.312305 0.578906 0.052734 0.054688
5 0.256445 0.583301 0.056641 0.063477
5 0.202734 0.584863 0.058594 0.063477
5 0.152148 0.579199 0.060547 0.061523
5 0.100977 0.571777 0.048828 0.049805
5 0.050781 0.578223 0.054688 0.059570
5 0.015625 0.579199 0.031250 0.061523
5 0.068359 0.764941 0.136719 0.239258
5 0.098242 0.715723 0.068359 0.200195
5 0.041992 0.801074 0.083984 0.186523
5 0.015625 0.852051 0.031250 0.094727
5 0.151855 0.741699 0.084961 0.249023
5 0.194727 0.749414 0.080078 0.251953
5 0.232813 0.746094 0.109375 0.257812
5 0.275000 0.758203 0.125000 0.238281
5 0.299219 0.739746 0.101562 0.245117
5 0.369531 0.777637 0.070312 0.264648
5 0.420508 0.787012 0.072266 0.264648
5 0.462891 0.790625 0.097656 0.265625
5 0.522559 0.790625 0.088867 0.265625
5 0.570703 0.787988 0.097656 0.266602
5 0.591797 0.754199 0.089844 0.249023
5 0.678711 0.773047 0.076172 0.199219
5 0.727539 0.794043 0.064453 0.178711
5 0.777344 0.807520 0.054688 0.165039
5 0.832031 0.818262 0.054688 0.155273
5 0.886133 0.826660 0.056641 0.137695
5 0.971484 0.887012 0.058594 0.108398
