0 0.860352 0.184375 0.173828 0.171875
0 0.850391 0.302734 0.207031 0.136719
0 0.838574 0.413867 0.202148 0.115234
0 0.746484 0.594336 0.308594 0.154297
0 0.770898 0.738867 0.373047 0.115234
0 0.804004 0.904102 0.364258 0.173828
0 0.652930 0.239258 0.130859 0.431641
0 0.374902 0.255469 0.096680 0.226562
0 0.281250 0.184570 0.125000 0.244141
0 0.168359 0.137695 0.152344 0.259766
0 0.250879 0.401953 0.301758 0.160156
0 0.366113 0.643359 0.204102 0.167969
0 0.370996 0.754883 0.229492 0.166016
0 0.372070 0.887109 0.228516 0.121094
0 0.131641 0.736328 0.175781 0.441406
