5 0.854102 0.696094 0.173828 0.257812
5 0.503711 0.726367 0.294922 0.130859
5 0.565430 0.642969 0.255859 0.132812
5 0.202734 0.679102 0.339844 0.158203
5 0.293945 0.590430 0.244141 0.099609
5 0.472266 0.548828 0.128906 0.191406
5 0.272852 0.533594 0.283203 0.085938
5 0.584570 0.489844 0.166016 0.148438
5 0.699805 0.583008 0.287109 0.087891
5 0.767188 0.532617 0.234375 0.099609
5 0.704102 0.444922 0.220703 0.089844
5 0.521484 0.457422 0.136719 0.089844
5 0.393164 0.447656 0.158203 0.101562
5 0.283984 0.466797 0.199219 0.105469
5 0.280273 0.408203 0.138672 0.066406
5 0.349414 0.353320 0.173828 0.056641
5 0.497461 0.373437 0.169922 0.109375
5 0.691016 0.374805 0.175781 0.083984
5 0.662891 0.340234 0.191406 0.058594
5 0.516602 0.325195 0.173828 0.056641
