1 0.049805 0.070312 0.099609 0.140625
1 0.162695 0.288477 0.166016 0.220703
1 0.922461 0.279102 0.154297 0.220703
1 0.122656 0.500586 0.132812 0.154297
1 0.362109 0.492773 0.136719 0.138672
1 0.516406 0.504492 0.148438 0.162109
1 0.688281 0.497070 0.164062 0.150391
1 0.694922 0.275781 0.214844 0.210938
1 0.853125 0.500977 0.125000 0.158203
1 0.948633 0.499414 0.103516 0.158203
1 0.032227 0.682617 0.064453 0.130859
1 0.098633 0.684570 0.134766 0.134766
1 0.213281 0.688867 0.117188 0.146484
1 0.318164 0.687891 0.095703 0.144531
1 0.407813 0.683398 0.109375 0.138672
1 0.514648 0.677344 0.123047 0.132812
1 0.865234 0.683984 0.105469 0.136719
1 0.937500 0.871680 0.125000 0.162109
1 0.769531 0.863281 0.148438 0.148438
1 0.639453 0.862305 0.128906 0.146484
1 0.511328 0.864844 0.113281 0.148438
1 0.383203 0.860156 0.144531 0.132812
1 0.256445 0.865039 0.134766 0.142578
1 0.327930 0.285547 0.162109 0.214844
1 0.533984 0.283594 0.105469 0.210938
1 0.192188 0.069336 0.078125 0.138672
1 0.302148 0.069336 0.154297 0.138672
1 0.232227 0.491797 0.111328 0.136719
