3 0.889355 0.286523 0.147461 0.123047
3 0.739160 0.288867 0.168945 0.130859
3 0.901367 0.417773 0.146484 0.123047
3 0.751660 0.420703 0.168945 0.128906
3 0.895410 0.560547 0.153320 0.121094
3 0.738184 0.553125 0.166992 0.125000
3 0.891309 0.702148 0.151367 0.123047
3 0.740820 0.715625 0.166016 0.125000
3 0.496680 0.240820 0.333984 0.259766
3 0.497949 0.499023 0.327148 0.248047
3 0.535840 0.658789 0.112305 0.080078
3 0.527051 0.745703 0.110352 0.082031
3 0.411816 0.744531 0.114258 0.085938
3 0.417090 0.657617 0.112305 0.083984
3 0.175488 0.250000 0.313477 0.234375
3 0.187793 0.484180 0.303711 0.224609
3 0.266504 0.648242 0.114258 0.083984
3 0.246680 0.734180 0.115234 0.083984
3 0.141504 0.641992 0.129883 0.083984
3 0.128320 0.733398 0.119141 0.091797
