6 0.112305 0.114062 0.146484 0.140625
6 0.268555 0.116113 0.146484 0.141602
6 0.425391 0.117188 0.144531 0.140625
6 0.579102 0.118750 0.142578 0.140625
6 0.734180 0.116602 0.146484 0.142578
6 0.887305 0.116113 0.146484 0.141602
6 0.110156 0.263672 0.148438 0.136719
6 0.269141 0.265234 0.144531 0.136719
6 0.424805 0.265723 0.146484 0.137695
6 0.582812 0.265723 0.140625 0.137695
6 0.737305 0.264648 0.146484 0.138672
6 0.899219 0.263184 0.148438 0.135742
6 0.111133 0.413672 0.150391 0.136719
6 0.269141 0.415820 0.144531 0.134766
6 0.425391 0.413672 0.144531 0.136719
6 0.580664 0.415820 0.142578 0.134766
6 0.736719 0.412207 0.148438 0.133789
6 0.895508 0.410059 0.150391 0.135742
6 0.113281 0.562500 0.148438 0.140625
6 0.269141 0.563086 0.144531 0.138672
6 0.428516 0.559375 0.144531 0.140625
6 0.580078 0.561914 0.144531 0.142578
6 0.735352 0.560352 0.142578 0.142578
6 0.895898 0.557715 0.154297 0.143555
6 0.112109 0.713184 0.152344 0.151367
6 0.272266 0.713672 0.144531 0.152344
6 0.429102 0.710059 0.142578 0.151367
6 0.583789 0.711719 0.142578 0.148438
6 0.740820 0.709570 0.150391 0.150391
6 0.900195 0.708984 0.150391 0.152344
6 0.112695 0.866211 0.150391 0.154297
6 0.270117 0.867285 0.146484 0.153320
6 0.426563 0.867188 0.140625 0.156250
6 0.580664 0.866113 0.142578 0.157227
6 0.733789 0.864648 0.142578 0.154297
6 0.888477 0.863086 0.142578 0.154297
