6 0.771289 0.176367 0.173828 0.224609
6 0.768555 0.397461 0.177734 0.216797
6 0.762695 0.619531 0.166016 0.226562
6 0.758203 0.844531 0.175781 0.242188
6 0.608789 0.181445 0.158203 0.212891
6 0.601953 0.384766 0.160156 0.207031
6 0.599023 0.595508 0.169922 0.212891
6 0.588281 0.808203 0.164062 0.222656
6 0.301563 0.198047 0.453125 0.199219
6 0.291016 0.385742 0.457031 0.193359
6 0.282031 0.579102 0.460938 0.205078
6 0.272461 0.777148 0.466797 0.232422
6 0.301367 0.059570 0.427734 0.119141
6 0.626563 0.050781 0.218750 0.101562
6 0.265625 0.928516 0.484375 0.144531
