5 0.287891 0.441797 0.207031 0.402344
5 0.541992 0.376563 0.224609 0.421875
5 0.804688 0.380273 0.218750 0.419922
5 0.940820 0.375586 0.119141 0.404297
5 0.710938 0.440820 0.203125 0.384766
5 0.530664 0.619531 0.189453 0.070312
5 0.166602 0.631641 0.205078 0.050781
5 0.343164 0.492578 0.189453 0.363281
5 0.252539 0.748828 0.095703 0.097656
5 0.321094 0.686133 0.164062 0.056641
5 0.146484 0.674609 0.183594 0.058594
5 0.555664 0.659570 0.189453 0.056641
5 0.538086 0.691016 0.169922 0.050781
5 0.714453 0.676367 0.160156 0.083984
5 0.773047 0.632422 0.167969 0.105469
5 0.926367 0.637695 0.146484 0.103516
5 0.925195 0.457031 0.150391 0.382812
5 0.606445 0.751367 0.103516 0.115234
5 0.718164 0.727930 0.158203 0.037109
5 0.885352 0.701758 0.173828 0.041016
5 0.109375 0.397266 0.218750 0.425781
