6 0.744141 0.071289 0.316406 0.142578
6 0.744727 0.223438 0.314453 0.156250
6 0.745703 0.370117 0.316406 0.146484
6 0.747852 0.513086 0.314453 0.138672
6 0.747852 0.654102 0.314453 0.142578
6 0.749023 0.791016 0.310547 0.144531
6 0.749023 0.929102 0.310547 0.142578
6 0.438477 0.030273 0.080078 0.060547
6 0.439453 0.116016 0.082031 0.097656
6 0.448242 0.227344 0.099609 0.117188
6 0.448633 0.334375 0.103516 0.109375
6 0.437500 0.428125 0.078125 0.093750
6 0.439453 0.524023 0.082031 0.091797
6 0.419727 0.940820 0.126953 0.119141
6 0.208594 0.921289 0.273438 0.142578
6 0.206055 0.792383 0.271484 0.134766
6 0.205469 0.660156 0.273438 0.132812
6 0.201758 0.526367 0.275391 0.130859
6 0.200195 0.394141 0.275391 0.128906
6 0.199609 0.263672 0.277344 0.136719
6 0.197070 0.120117 0.275391 0.146484
6 0.196094 0.028320 0.273438 0.056641
