5 0.740234 0.684180 0.183594 0.474609
5 0.541406 0.645508 0.179688 0.431641
5 0.370703 0.609766 0.207031 0.394531
5 0.229883 0.567969 0.197266 0.367188
5 0.112305 0.535742 0.193359 0.349609
5 0.834961 0.629492 0.216797 0.443359
5 0.602930 0.582422 0.177734 0.402344
5 0.480273 0.613281 0.044922 0.242188
5 0.422852 0.395313 0.142578 0.078125
5 0.275195 0.380273 0.134766 0.076172
5 0.145898 0.400879 0.123047 0.161133
5 0.877539 0.559668 0.205078 0.413086
5 0.663672 0.401758 0.167969 0.134766
5 0.479102 0.378906 0.142578 0.117188
5 0.344141 0.357715 0.113281 0.112305
5 0.218359 0.344141 0.121094 0.097656
