1 0.162866 0.459359 0.119481 0.206217
1 0.220213 0.466143 0.081052 0.210411
1 0.326570 0.518115 0.059391 0.123730
1 0.390116 0.518814 0.073981 0.125128
1 0.455648 0.507123 0.070672 0.151745
1 0.564332 0.491037 0.088039 0.194573
1 0.620563 0.496219 0.081750 0.186188
1 0.821023 0.499166 0.132672 0.210831
1 0.917852 0.503458 0.160705 0.206916
1 0.751628 0.512174 0.078256 0.164973
1 0.925781 0.750781 0.107813 0.154688
1 0.835156 0.748437 0.114062 0.162500
1 0.745436 0.747371 0.097122 0.150992
1 0.705433 0.748955 0.073366 0.157284
1 0.655820 0.748112 0.086641 0.164973
1 0.585934 0.747855 0.112494 0.158211
1 0.461179 0.761207 0.166108 0.134914
1 0.318970 0.759419 0.128564 0.118837
1 0.144096 0.737154 0.113192 0.158683
1 0.234460 0.739209 0.084545 0.150294
1 0.054665 0.732652 0.106205 0.162178
1 0.387500 0.958594 0.215625 0.070312
1 0.614062 0.964844 0.212500 0.070312
1 0.818750 0.967187 0.200000 0.053125
1 0.810937 0.918750 0.196875 0.053125
1 0.166406 0.925781 0.198437 0.039062
1 0.165625 0.139063 0.278125 0.265625
1 0.391406 0.186719 0.195312 0.226562
1 0.557813 0.176563 0.193750 0.203125
1 0.790625 0.206250 0.262500 0.181250
