2 0.239648 0.746777 0.216797 0.159180
2 0.447852 0.675391 0.095703 0.175781
2 0.767383 0.440039 0.150391 0.283203
2 0.732422 0.640039 0.167969 0.205078
2 0.173242 0.298926 0.146484 0.250977
2 0.316016 0.270703 0.160156 0.113281
2 0.250781 0.450781 0.195312 0.164062
2 0.225586 0.391504 0.169922 0.161133
2 0.277344 0.298926 0.132812 0.079102
2 0.051855 0.302930 0.100586 0.240234
2 0.104297 0.265137 0.089844 0.155273
2 0.086328 0.224707 0.113281 0.102539
2 0.482422 0.252051 0.121094 0.157227
2 0.568359 0.238672 0.089844 0.074219
2 0.611719 0.340820 0.101562 0.087891
2 0.519531 0.397656 0.132812 0.132812
2 0.905664 0.226660 0.189453 0.106445
2 0.867188 0.735742 0.265625 0.146484
2 0.658594 0.686523 0.148438 0.169922
2 0.313477 0.679590 0.189453 0.143555
2 0.197852 0.620313 0.126953 0.125000
2 0.058594 0.573438 0.117188 0.078125
2 0.044922 0.434473 0.089844 0.184570
2 0.359961 0.400781 0.123047 0.164062
2 0.291602 0.517578 0.189453 0.082031
2 0.303125 0.571777 0.093750 0.143555
2 0.167773 0.551465 0.076172 0.065430
2 0.089453 0.679395 0.097656 0.102539
2 0.404297 0.770703 0.105469 0.113281
2 0.638672 0.542383 0.121094 0.103516
2 0.799414 0.250586 0.251953 0.154297
2 0.906250 0.415039 0.187500 0.205078
2 0.887109 0.622461 0.136719 0.138672
2 0.681250 0.416113 0.093750 0.141602
2 0.727148 0.365137 0.091797 0.108398
2 0.491992 0.583594 0.068359 0.179688
2 0.550781 0.577344 0.070312 0.226562
2 0.457422 0.208594 0.089844 0.070312
2 0.425391 0.478027 0.082031 0.174805
2 0.699805 0.778027 0.162109 0.096680
2 0.957617 0.514258 0.083984 0.072266
3 0.568164 0.734570 0.158203 0.134766
