6 0.615820 0.801562 0.244141 0.125000
6 0.615234 0.693750 0.246094 0.125000
6 0.607812 0.580664 0.234375 0.111328
6 0.607812 0.470313 0.234375 0.109375
6 0.607227 0.362695 0.236328 0.119141
6 0.606250 0.252930 0.234375 0.130859
6 0.602148 0.165039 0.232422 0.080078
6 0.212305 0.404687 0.177734 0.109375
6 0.209766 0.513086 0.175781 0.107422
6 0.209766 0.617773 0.175781 0.107422
6 0.211328 0.298242 0.175781 0.115234
6 0.211328 0.191797 0.175781 0.121094
6 0.211328 0.721680 0.175781 0.115234
6 0.211328 0.819727 0.175781 0.111328
