6 0.110937 0.172266 0.109375 0.191406
6 0.216406 0.179102 0.101562 0.189453
6 0.317969 0.184375 0.101562 0.187500
6 0.420703 0.187109 0.097656 0.183594
6 0.516602 0.190430 0.095703 0.177734
6 0.610938 0.194141 0.093750 0.175781
6 0.701758 0.188281 0.087891 0.179688
6 0.791797 0.192383 0.089844 0.166016
6 0.878320 0.201758 0.087891 0.150391
6 0.960352 0.204492 0.080078 0.146484
6 0.960938 0.364648 0.078125 0.169922
6 0.879883 0.364648 0.087891 0.169922
6 0.793945 0.364063 0.087891 0.171875
6 0.705859 0.361914 0.089844 0.173828
6 0.613086 0.366211 0.091797 0.169922
6 0.518164 0.366211 0.095703 0.169922
6 0.423828 0.366211 0.097656 0.169922
6 0.325977 0.365039 0.095703 0.173828
6 0.224609 0.361133 0.105469 0.181641
6 0.117188 0.358398 0.109375 0.185547
6 0.089844 0.650977 0.085938 0.173828
6 0.175781 0.650000 0.085938 0.171875
6 0.263672 0.647852 0.089844 0.173828
6 0.181055 0.820312 0.083984 0.171875
6 0.266406 0.817187 0.085938 0.171875
6 0.095508 0.825977 0.087891 0.173828
6 0.350000 0.640234 0.078125 0.167969
6 0.428125 0.637695 0.078125 0.166016
6 0.506250 0.636133 0.078125 0.166016
6 0.350000 0.796289 0.078125 0.142578
6 0.428711 0.801367 0.076172 0.162109
6 0.505273 0.798828 0.076172 0.160156
6 0.584961 0.584961 0.091797 0.076172
6 0.651953 0.583984 0.097656 0.074219
6 0.717773 0.581445 0.107422 0.072266
6 0.581445 0.774805 0.072266 0.193359
6 0.653320 0.772266 0.072266 0.191406
6 0.725195 0.768164 0.072266 0.189453
6 0.794531 0.754687 0.070312 0.203125
6 0.917383 0.746484 0.103516 0.199219
