6 0.088672 0.283105 0.105469 0.303711
6 0.196289 0.284082 0.111328 0.321289
6 0.322852 0.285547 0.142578 0.339844
6 0.373047 0.098535 0.121094 0.106445
6 0.263477 0.087793 0.095703 0.069336
6 0.167773 0.094531 0.091797 0.070312
6 0.115625 0.757324 0.140625 0.452148
6 0.257812 0.746680 0.140625 0.458984
6 0.403320 0.751563 0.150391 0.453125
6 0.581641 0.304004 0.113281 0.286133
6 0.694727 0.304102 0.111328 0.283203
6 0.804688 0.304199 0.109375 0.280273
6 0.912500 0.304785 0.109375 0.278320
6 0.588281 0.747461 0.117188 0.326172
6 0.698047 0.748047 0.105469 0.324219
6 0.804688 0.749805 0.109375 0.318359
6 0.912695 0.748633 0.119141 0.322266
