0 0.112305 0.418555 0.130859 0.318359
0 0.268945 0.411719 0.181641 0.335938
0 0.404297 0.421484 0.152344 0.324219
0 0.531250 0.421875 0.140625 0.328125
0 0.680078 0.396094 0.144531 0.382812
0 0.835938 0.430273 0.171875 0.326172
0 0.957031 0.457422 0.085938 0.277344
0 0.070312 0.777734 0.140625 0.277344
0 0.178320 0.780273 0.150391 0.279297
0 0.305664 0.789453 0.158203 0.285156
0 0.446094 0.791016 0.148438 0.285156
0 0.587500 0.797656 0.140625 0.289062
0 0.733203 0.805469 0.144531 0.289062
0 0.895312 0.810547 0.156250 0.292969
