2 0.771484 0.594629 0.261719 0.348633
2 0.704688 0.638574 0.265625 0.342773
2 0.067383 0.542871 0.134766 0.323242
2 0.114746 0.353906 0.229492 0.101562
2 0.368555 0.458691 0.099609 0.192383
2 0.344727 0.338770 0.267578 0.086914
2 0.541992 0.471777 0.193359 0.237305
2 0.587891 0.760059 0.363281 0.104492
2 0.212305 0.707031 0.162109 0.210938
0 0.939258 0.669238 0.119141 0.266602
0 0.945312 0.504004 0.109375 0.083008
0 0.504883 0.649121 0.275391 0.120117
0 0.948633 0.395215 0.103516 0.143555
0 0.814063 0.316992 0.109375 0.255859
0 0.682227 0.381836 0.095703 0.185547
0 0.394922 0.560840 0.199219 0.252930
0 0.284766 0.537891 0.097656 0.222656
0 0.208008 0.507812 0.150391 0.234375
0 0.060547 0.269629 0.121094 0.161133
2 0.535547 0.376074 0.230469 0.202148
0 0.340625 0.760645 0.109375 0.102539
3 0.401367 0.247168 0.443359 0.116211
