4 0.541504 0.095703 0.301758 0.191406
4 0.432715 0.487891 0.440430 0.644531
4 0.638184 0.559375 0.385742 0.296875
4 0.590918 0.815234 0.475586 0.371094
4 0.754102 0.899512 0.158203 0.202148
4 0.730078 0.390234 0.207031 0.292969
4 0.783105 0.292383 0.100586 0.166016
4 0.519922 0.453516 0.246094 0.363281
4 0.319141 0.166016 0.191406 0.332031
4 0.329297 0.099609 0.074219 0.199219
4 0.239063 0.357031 0.140625 0.257812
4 0.208203 0.213867 0.082031 0.427734
4 0.281445 0.709570 0.228516 0.134766
4 0.190625 0.640625 0.046875 0.187500
4 0.278027 0.878906 0.221680 0.242188
4 0.728418 0.130859 0.209961 0.261719
