5 0.188477 0.152344 0.376953 0.304688
5 0.539648 0.136719 0.326172 0.273438
5 0.580859 0.174219 0.402344 0.257812
5 0.501367 0.142578 0.271484 0.144531
5 0.385547 0.391602 0.292969 0.189453
5 0.810156 0.183984 0.132812 0.199219
5 0.715820 0.352930 0.369141 0.208984
5 0.700586 0.500586 0.154297 0.123047
5 0.758789 0.661719 0.220703 0.195312
5 0.574609 0.879492 0.371094 0.240234
5 0.744141 0.843555 0.207031 0.224609
5 0.116211 0.650000 0.232422 0.421875
5 0.314453 0.645508 0.238281 0.353516
5 0.479883 0.650977 0.197266 0.298828
5 0.594531 0.685156 0.148438 0.273438
