2 0.909277 0.248828 0.143555 0.441406
2 0.753711 0.260156 0.123047 0.429688
2 0.575977 0.257617 0.126953 0.427734
2 0.937793 0.738086 0.084961 0.279297
2 0.728906 0.589648 0.304688 0.154297
2 0.736230 0.728320 0.303711 0.119141
2 0.734180 0.904102 0.318359 0.158203
2 0.204687 0.136719 0.328125 0.242188
2 0.295605 0.260156 0.256836 0.226562
2 0.347461 0.372070 0.263672 0.244141
2 0.311621 0.612891 0.307617 0.128906
2 0.325586 0.735156 0.310547 0.101562
2 0.329395 0.892969 0.305664 0.117188
2 0.084277 0.741016 0.112305 0.332031
