5 0.217188 0.786719 0.062500 0.179688
0 0.105273 0.757812 0.044922 0.140625
0 0.051172 0.765430 0.042969 0.162109
0 0.766992 0.845703 0.083984 0.191406
5 0.958984 0.484375 0.074219 0.234375
5 0.866016 0.456445 0.113281 0.291016
5 0.754883 0.492773 0.150391 0.341797
5 0.622656 0.498828 0.117188 0.316406
5 0.516992 0.502539 0.099609 0.298828
5 0.411719 0.507812 0.101562 0.281250
5 0.315820 0.512500 0.087891 0.265625
5 0.240625 0.515625 0.078125 0.250000
5 0.157227 0.518555 0.080078 0.240234
5 0.088867 0.519531 0.068359 0.226562
