2 0.774707 0.140430 0.352539 0.099609
2 0.737109 0.251953 0.277344 0.082031
2 0.726172 0.364063 0.261719 0.093750
2 0.727246 0.475391 0.260742 0.082031
2 0.730078 0.586914 0.269531 0.080078
2 0.724219 0.698242 0.257812 0.083984
2 0.710547 0.812305 0.230469 0.083984
2 0.694922 0.922461 0.199219 0.076172
2 0.287891 0.140039 0.472656 0.205078
2 0.242480 0.317188 0.381836 0.093750
2 0.245410 0.467578 0.387695 0.113281
2 0.240137 0.618164 0.374023 0.095703
2 0.230762 0.770898 0.358398 0.123047
2 0.210742 0.922266 0.318359 0.082031
