6 0.067383 0.261133 0.134766 0.306641
6 0.198633 0.257422 0.134766 0.308594
6 0.334961 0.256250 0.138672 0.312500
6 0.473633 0.251953 0.134766 0.316406
6 0.615625 0.247656 0.140625 0.320312
6 0.759180 0.246484 0.146484 0.324219
6 0.906836 0.242773 0.154297 0.326172
6 0.058984 0.553516 0.089844 0.082031
6 0.153125 0.555664 0.093750 0.080078
6 0.267383 0.543945 0.134766 0.103516
6 0.632422 0.581055 0.121094 0.130859
6 0.756445 0.584570 0.134766 0.134766
6 0.878320 0.579688 0.150391 0.140625
6 0.128711 0.785937 0.138672 0.265625
6 0.262695 0.787891 0.134766 0.269531
6 0.389258 0.791406 0.134766 0.273438
6 0.516992 0.793359 0.130859 0.277344
6 0.655273 0.795312 0.138672 0.281250
6 0.791797 0.798438 0.136719 0.281250
6 0.929102 0.802539 0.142578 0.283203
