6 0.058008 0.282813 0.087891 0.187500
6 0.137109 0.285938 0.089844 0.187500
6 0.218359 0.288477 0.089844 0.189453
6 0.300391 0.291797 0.082031 0.183594
6 0.378516 0.294336 0.082031 0.185547
6 0.458789 0.295898 0.080078 0.185547
6 0.536914 0.297461 0.080078 0.185547
6 0.608789 0.320117 0.064453 0.146484
6 0.678711 0.321094 0.076172 0.148438
6 0.756250 0.322656 0.078125 0.148438
6 0.833398 0.323242 0.076172 0.146484
6 0.955859 0.301367 0.089844 0.193359
6 0.061523 0.515039 0.091797 0.189453
6 0.139258 0.516602 0.087891 0.189453
6 0.217383 0.517578 0.087891 0.191406
6 0.297656 0.521289 0.085938 0.189453
6 0.379883 0.521875 0.087891 0.187500
6 0.458789 0.523438 0.080078 0.187500
6 0.534961 0.525977 0.076172 0.189453
6 0.608984 0.529102 0.074219 0.189453
6 0.685937 0.530664 0.078125 0.189453
6 0.762695 0.531250 0.072266 0.187500
6 0.838672 0.533789 0.074219 0.189453
6 0.914062 0.536914 0.078125 0.189453
6 0.975977 0.537500 0.048828 0.187500
6 0.042969 0.715820 0.085938 0.212891
6 0.117773 0.720508 0.091797 0.212891
6 0.199609 0.721094 0.089844 0.210938
6 0.279297 0.721094 0.089844 0.210938
6 0.369922 0.721680 0.089844 0.208984
6 0.448242 0.725391 0.083984 0.207031
6 0.525977 0.725977 0.080078 0.205078
6 0.605273 0.726953 0.076172 0.207031
6 0.685352 0.727539 0.080078 0.205078
6 0.763086 0.729102 0.076172 0.205078
6 0.840625 0.732227 0.078125 0.205078
6 0.915039 0.733789 0.080078 0.205078
6 0.976562 0.736328 0.046875 0.207031
