5 0.135156 0.320703 0.210938 0.222656
5 0.242969 0.302539 0.179688 0.189453
5 0.422266 0.298242 0.207031 0.208984
5 0.510352 0.274805 0.158203 0.193359
5 0.695898 0.232813 0.169922 0.093750
5 0.133398 0.492578 0.185547 0.238281
5 0.116992 0.687305 0.162109 0.224609
5 0.130664 0.744727 0.001953 0.001953
5 0.268359 0.558203 0.121094 0.207031
5 0.387305 0.464258 0.208984 0.134766
5 0.557031 0.408594 0.179688 0.226562
5 0.697852 0.361328 0.126953 0.175781
5 0.816016 0.415820 0.144531 0.181641
5 0.476172 0.583398 0.167969 0.201172
5 0.424219 0.670898 0.195312 0.232422
5 0.317773 0.733789 0.216797 0.158203
5 0.600000 0.604883 0.171875 0.181641
5 0.679492 0.497070 0.146484 0.197266
5 0.630469 0.726953 0.226562 0.128906
5 0.763672 0.658203 0.105469 0.191406
5 0.896094 0.612305 0.101562 0.224609
