0 0.092188 0.219336 0.156250 0.248047
0 0.228320 0.206836 0.134766 0.263672
0 0.367578 0.196875 0.128906 0.265625
0 0.486328 0.197656 0.113281 0.257812
0 0.605273 0.189453 0.107422 0.253906
0 0.717187 0.182617 0.109375 0.255859
0 0.832031 0.180469 0.117188 0.257812
0 0.944727 0.177539 0.111328 0.251953
0 0.165039 0.741797 0.205078 0.386719
0 0.323242 0.740039 0.162109 0.392578
0 0.467773 0.732227 0.154297 0.392578
0 0.610938 0.723242 0.156250 0.396484
0 0.769336 0.721289 0.154297 0.392578
0 0.916797 0.709961 0.167969 0.404297
