2 0.479297 0.615820 0.121094 0.212891
2 0.510742 0.288477 0.177734 0.173828
2 0.461914 0.139453 0.236328 0.269531
2 0.413086 0.487695 0.185547 0.150391
2 0.270898 0.399414 0.216797 0.158203
4 0.198242 0.218750 0.396484 0.437500
2 0.280273 0.295508 0.060547 0.103516
2 0.264258 0.741797 0.197266 0.058594
2 0.108984 0.540039 0.167969 0.251953
3 0.168359 0.669922 0.136719 0.152344
2 0.224023 0.535937 0.076172 0.171875
2 0.171484 0.553125 0.089844 0.125000
4 0.679492 0.347461 0.115234 0.123047
0 0.759570 0.626367 0.384766 0.349609
