6 0.894922 0.684570 0.152344 0.275391
6 0.747461 0.686523 0.154297 0.279297
6 0.587500 0.688867 0.171875 0.287109
6 0.416016 0.688477 0.160156 0.283203
6 0.259375 0.688477 0.156250 0.283203
6 0.104102 0.691992 0.158203 0.287109
6 0.880664 0.408008 0.158203 0.275391
6 0.725586 0.407617 0.154297 0.271484
6 0.573047 0.409180 0.152344 0.271484
6 0.415039 0.410938 0.158203 0.265625
6 0.259570 0.410938 0.150391 0.265625
6 0.107813 0.411914 0.156250 0.267578
6 0.132227 0.060547 0.173828 0.121094
6 0.274805 0.059570 0.162109 0.119141
6 0.416992 0.059570 0.146484 0.119141
6 0.566406 0.059570 0.148438 0.119141
6 0.708398 0.058594 0.154297 0.117188
6 0.829883 0.058594 0.181641 0.117188
6 0.925195 0.058594 0.150391 0.117188
