6 0.140234 0.294727 0.121094 0.345703
6 0.264453 0.326270 0.128906 0.352539
6 0.391992 0.341699 0.130859 0.358398
6 0.526367 0.344238 0.130859 0.360352
6 0.665430 0.346484 0.130859 0.355469
6 0.801172 0.313086 0.136719 0.357422
6 0.927539 0.304004 0.126953 0.333008
6 0.074609 0.672266 0.136719 0.363281
6 0.212305 0.687012 0.130859 0.358398
6 0.352148 0.694922 0.123047 0.339844
6 0.488867 0.703613 0.130859 0.344727
6 0.626563 0.703613 0.125000 0.344727
6 0.769531 0.701074 0.132812 0.358398
6 0.919922 0.687793 0.136719 0.366211
