0 0.953711 0.670898 0.091797 0.263672
0 0.823828 0.672656 0.097656 0.242188
0 0.737695 0.669727 0.103516 0.267578
0 0.594531 0.757422 0.179688 0.449219
0 0.435156 0.686133 0.132812 0.306641
0 0.226172 0.712695 0.136719 0.337891
0 0.076172 0.715820 0.152344 0.337891
0 0.900781 0.239063 0.132812 0.312500
0 0.793555 0.225586 0.130859 0.310547
0 0.677539 0.225195 0.126953 0.322266
0 0.556641 0.218164 0.113281 0.330078
0 0.440820 0.200195 0.119141 0.306641
0 0.321875 0.191797 0.125000 0.308594
0 0.083984 0.208398 0.136719 0.310547
0 0.200781 0.191992 0.132812 0.318359
