1 0.155273 0.086719 0.185547 0.164062
1 0.342773 0.100391 0.185547 0.175781
1 0.512500 0.093555 0.171875 0.162109
1 0.668359 0.099023 0.167969 0.154297
1 0.821875 0.078125 0.187500 0.156250
1 0.218750 0.242773 0.187500 0.154297
1 0.359180 0.260742 0.177734 0.130859
1 0.518555 0.247852 0.177734 0.142578
1 0.673633 0.243555 0.150391 0.130859
1 0.828125 0.224023 0.156250 0.138672
1 0.941992 0.226953 0.115234 0.128906
1 0.109375 0.466797 0.218750 0.214844
1 0.345313 0.494531 0.250000 0.226562
1 0.576562 0.493555 0.234375 0.208984
1 0.791602 0.445703 0.236328 0.191406
1 0.121094 0.681445 0.242188 0.212891
1 0.370508 0.666602 0.244141 0.142578
1 0.550195 0.660156 0.228516 0.164062
1 0.786914 0.635547 0.220703 0.183594
1 0.937500 0.633398 0.125000 0.185547
1 0.933594 0.806641 0.132812 0.160156
1 0.774805 0.805469 0.193359 0.164062
1 0.577148 0.803516 0.216797 0.160156
1 0.382617 0.820703 0.224609 0.160156
1 0.160742 0.848437 0.255859 0.187500
