4 0.160156 0.175684 0.320312 0.338867
4 0.160156 0.412891 0.320312 0.175781
4 0.237109 0.355273 0.199219 0.107422
4 0.235156 0.158203 0.210938 0.082031
4 0.642188 0.853809 0.281250 0.291992
4 0.863867 0.854395 0.208984 0.290039
4 0.962695 0.873340 0.072266 0.252930
4 0.564063 0.788867 0.093750 0.193359
4 0.796289 0.785547 0.126953 0.183594
4 0.167773 0.573730 0.263672 0.147461
4 0.070312 0.639746 0.140625 0.276367
4 0.316992 0.676660 0.365234 0.278320
4 0.412500 0.555664 0.156250 0.111328
4 0.293359 0.536621 0.121094 0.073242
4 0.058594 0.868262 0.117188 0.202148
4 0.239648 0.867969 0.294922 0.257812
4 0.090820 0.960938 0.181641 0.078125
4 0.431445 0.859668 0.134766 0.209961
4 0.346094 0.781250 0.101562 0.140625
4 0.880176 0.095215 0.157227 0.143555
4 0.858984 0.032715 0.136719 0.065430
4 0.661719 0.175684 0.320312 0.276367
4 0.707910 0.055664 0.153320 0.111328
4 0.592773 0.385742 0.185547 0.224609
4 0.659570 0.281836 0.134766 0.138672
4 0.758203 0.359668 0.191406 0.209961
4 0.882227 0.396777 0.236328 0.206055
4 0.862305 0.252832 0.224609 0.243164
4 0.933008 0.035156 0.134766 0.070312
4 0.961523 0.113770 0.076172 0.211914
4 0.547852 0.064453 0.095703 0.128906
4 0.589258 0.036133 0.119141 0.072266
4 0.722266 0.464258 0.144531 0.072266
4 0.961523 0.292578 0.076172 0.160156
