5 0.737695 0.777148 0.181641 0.294922
5 0.741992 0.521289 0.224609 0.220703
5 0.629687 0.362891 0.265625 0.082031
5 0.649805 0.229297 0.271484 0.121094
5 0.661914 0.092578 0.283203 0.113281
5 0.449805 0.195312 0.271484 0.125000
5 0.296875 0.154688 0.343750 0.218750
5 0.390039 0.355469 0.251953 0.226562
5 0.272461 0.408984 0.279297 0.230469
5 0.632227 0.570117 0.173828 0.271484
5 0.598633 0.788672 0.087891 0.277344
5 0.531250 0.674805 0.109375 0.271484
5 0.437305 0.601172 0.115234 0.277344
5 0.415430 0.886523 0.271484 0.123047
5 0.331055 0.691406 0.115234 0.273438
5 0.215234 0.603516 0.105469 0.316406
