5 0.179688 0.317383 0.125000 0.228516
5 0.287695 0.362109 0.103516 0.183594
5 0.383398 0.337891 0.107422 0.222656
5 0.532813 0.333594 0.203125 0.195312
5 0.502734 0.416797 0.183594 0.152344
5 0.625977 0.310156 0.158203 0.132812
5 0.737109 0.366992 0.089844 0.177734
5 0.674414 0.501758 0.173828 0.181641
5 0.561914 0.549414 0.189453 0.158203
5 0.361719 0.504492 0.210938 0.130859
5 0.225000 0.585938 0.125000 0.218750
5 0.105078 0.536133 0.128906 0.212891
5 0.333594 0.707617 0.179688 0.271484
5 0.459766 0.601172 0.191406 0.183594
5 0.407031 0.786523 0.179688 0.232422
5 0.559570 0.738281 0.181641 0.257812
5 0.666992 0.744141 0.115234 0.207031
