5 0.102344 0.092773 0.148438 0.185547
5 0.278906 0.072266 0.132812 0.144531
5 0.091797 0.647266 0.183594 0.363281
5 0.245508 0.605859 0.150391 0.292969
5 0.369141 0.529687 0.160156 0.312500
5 0.511328 0.494531 0.160156 0.289062
5 0.593555 0.460938 0.146484 0.234375
5 0.323242 0.398242 0.162109 0.115234
5 0.640625 0.340820 0.062500 0.041016
5 0.627539 0.465625 0.080078 0.187500
5 0.711523 0.381641 0.107422 0.269531
5 0.798438 0.346680 0.125000 0.255859
5 0.953125 0.274414 0.093750 0.220703
0 0.220508 0.964844 0.134766 0.070312
0 0.338477 0.929102 0.111328 0.142578
0 0.435547 0.882812 0.121094 0.234375
0 0.536719 0.838477 0.101562 0.236328
0 0.779297 0.668555 0.121094 0.224609
0 0.876367 0.595508 0.099609 0.197266
0 0.932617 0.544336 0.083984 0.216797
0 0.683203 0.714844 0.128906 0.226562
