1 0.121875 0.892969 0.234375 0.214062
1 0.136719 0.681250 0.207813 0.171875
1 0.139844 0.549219 0.192188 0.170313
1 0.138281 0.358594 0.251563 0.173437
1 0.160156 0.232031 0.223438 0.160938
1 0.157031 0.085156 0.229687 0.145313
1 0.525000 0.924219 0.262500 0.151562
1 0.514844 0.721875 0.285938 0.293750
1 0.505469 0.484375 0.264062 0.218750
1 0.506250 0.244531 0.250000 0.198437
1 0.494531 0.078125 0.251563 0.156250
1 0.843750 0.875000 0.193750 0.128125
1 0.875000 0.707031 0.250000 0.226562
1 0.887500 0.494531 0.212500 0.226562
1 0.878906 0.267188 0.235937 0.187500
1 0.885938 0.075781 0.225000 0.148438
