0 0.132617 0.233203 0.240234 0.285156
0 0.243555 0.191211 0.224609 0.263672
0 0.344531 0.140234 0.226562 0.230469
0 0.384766 0.359375 0.222656 0.203125
0 0.603906 0.266211 0.179688 0.326172
0 0.717578 0.172949 0.144531 0.249023
0 0.809570 0.122656 0.150391 0.210938
0 0.882617 0.324316 0.224609 0.208008
0 0.344336 0.612598 0.294922 0.200195
0 0.263281 0.708594 0.320312 0.226562
0 0.179297 0.830664 0.324219 0.298828
0 0.783789 0.711328 0.376953 0.175781
0 0.828906 0.611914 0.335938 0.142578
0 0.734961 0.845020 0.435547 0.227539
