4 0.899219 0.881445 0.164062 0.103516
4 0.696680 0.880957 0.162109 0.118164
4 0.498340 0.881348 0.159180 0.122070
4 0.294531 0.881738 0.164062 0.125977
4 0.094531 0.881445 0.164062 0.134766
4 0.899316 0.706934 0.161133 0.120117
4 0.696680 0.706445 0.162109 0.103516
4 0.497656 0.707910 0.164062 0.122070
4 0.294531 0.707812 0.164062 0.140625
4 0.094531 0.706445 0.164062 0.103516
4 0.899805 0.517188 0.162109 0.109375
4 0.697168 0.518750 0.163086 0.140625
4 0.498828 0.519043 0.160156 0.147461
4 0.294531 0.518457 0.164062 0.102539
4 0.095117 0.518457 0.162109 0.118164
4 0.899219 0.334570 0.164062 0.103516
4 0.696680 0.333984 0.162109 0.121094
4 0.497656 0.334863 0.164062 0.125977
4 0.294531 0.334082 0.164062 0.102539
4 0.094531 0.334570 0.164062 0.119141
4 0.900977 0.148926 0.142578 0.157227
4 0.697656 0.147559 0.164062 0.135742
4 0.497656 0.148535 0.164062 0.122070
4 0.294531 0.148633 0.164062 0.119141
4 0.094531 0.148047 0.164062 0.152344
