6 0.311719 0.135156 0.089063 0.195312
6 0.635156 0.139063 0.101562 0.203125
6 0.957812 0.136719 0.084375 0.195312
6 0.960938 0.439063 0.071875 0.150000
6 0.879687 0.445312 0.109375 0.140625
6 0.792969 0.444531 0.089063 0.139063
6 0.685156 0.357031 0.107813 0.054688
6 0.606250 0.357031 0.090625 0.051562
6 0.518750 0.359375 0.087500 0.053125
6 0.430469 0.366406 0.092188 0.054688
6 0.695312 0.456250 0.100000 0.140625
6 0.611719 0.460156 0.101562 0.135937
6 0.525781 0.454688 0.089063 0.134375
6 0.435156 0.457031 0.095312 0.135937
6 0.352344 0.430469 0.101562 0.204687
6 0.082031 0.435156 0.110937 0.198437
6 0.059375 0.791406 0.112500 0.245312
6 0.345313 0.804688 0.125000 0.240625
6 0.600781 0.792188 0.095312 0.225000
6 0.865625 0.796094 0.103125 0.229687
