5 0.679297 0.754687 0.199219 0.078125
5 0.622656 0.675781 0.242188 0.085938
5 0.669727 0.461523 0.267578 0.107422
5 0.685937 0.543945 0.218750 0.103516
5 0.651172 0.585742 0.246094 0.099609
5 0.639062 0.261523 0.312500 0.123047
5 0.647266 0.346094 0.300781 0.117188
5 0.631250 0.145117 0.250000 0.115234
5 0.318945 0.153125 0.244141 0.140625
5 0.330859 0.276758 0.230469 0.103516
5 0.350195 0.373828 0.228516 0.128906
5 0.354297 0.464648 0.214844 0.123047
5 0.387305 0.542969 0.208984 0.132812
5 0.388672 0.656055 0.199219 0.083984
5 0.454492 0.756641 0.177734 0.144531
