0 0.434375 0.703906 0.109375 0.042188
0 0.444531 0.910156 0.120313 0.042188
0 0.442969 0.867188 0.114062 0.040625
0 0.438281 0.832812 0.107813 0.040625
0 0.442188 0.791406 0.109375 0.039062
0 0.434375 0.746875 0.112500 0.050000
0 0.431250 0.617969 0.115625 0.045312
0 0.438281 0.580469 0.101562 0.042188
0 0.433594 0.537500 0.107813 0.043750
0 0.431250 0.492969 0.109375 0.042188
0 0.427344 0.450000 0.110937 0.050000
1 0.155637 0.672330 0.239398 0.135284
1 0.147960 0.547130 0.236545 0.128634
1 0.143539 0.424069 0.230828 0.129388
1 0.152344 0.314453 0.242188 0.128906
1 0.141016 0.049805 0.253906 0.099609
1 0.630273 0.051758 0.185547 0.103516
1 0.635547 0.175586 0.183594 0.123047
1 0.638672 0.326758 0.183594 0.119141
1 0.642188 0.449219 0.187500 0.148438
1 0.649023 0.599219 0.185547 0.148438
1 0.654102 0.748047 0.189453 0.152344
1 0.658789 0.883398 0.189453 0.154297
