0 0.333008 0.898438 0.103516 0.140625
0 0.275293 0.933594 0.084961 0.132812
0 0.399707 0.855273 0.118164 0.123047
0 0.444727 0.805273 0.111328 0.123047
0 0.167969 0.707422 0.242188 0.230469
0 0.726953 0.200586 0.222656 0.388672
0 0.762053 0.788930 0.324106 0.421611
0 0.564453 0.889453 0.128906 0.144531
0 0.547852 0.798828 0.095703 0.097656
0 0.794434 0.429688 0.057617 0.125000
0 0.867578 0.363672 0.082031 0.121094
0 0.912891 0.324805 0.097656 0.115234
0 0.953711 0.283203 0.091797 0.097656
0 0.256437 0.258523 0.500375 0.485795
