0 0.730273 0.044922 0.373047 0.089844
0 0.739062 0.125977 0.359375 0.126953
0 0.738281 0.233398 0.367188 0.123047
0 0.739258 0.341211 0.369141 0.107422
0 0.737109 0.443750 0.386719 0.109375
0 0.737695 0.551172 0.384766 0.105469
0 0.736914 0.659180 0.392578 0.115234
5 0.743750 0.793945 0.375000 0.134766
0 0.690039 0.885352 0.267578 0.126953
0 0.691016 0.964844 0.269531 0.070312
0 0.198633 0.093555 0.275391 0.146484
0 0.194727 0.219141 0.283203 0.144531
0 0.197656 0.344141 0.289062 0.128906
0 0.188477 0.464453 0.283203 0.128906
0 0.186328 0.608789 0.285156 0.126953
0 0.198047 0.741992 0.292969 0.115234
