2 0.813867 0.672559 0.287109 0.338867
2 0.881836 0.636328 0.232422 0.269531
2 0.784961 0.754980 0.232422 0.319336
2 0.749805 0.862695 0.162109 0.197266
2 0.566992 0.748437 0.130859 0.484375
2 0.437500 0.745996 0.125000 0.479492
0 0.833398 0.323633 0.326172 0.197266
0 0.831055 0.134668 0.302734 0.147461
0 0.496484 0.382715 0.324219 0.143555
0 0.500781 0.256250 0.320312 0.125000
0 0.501758 0.125586 0.322266 0.138672
0 0.165039 0.232422 0.314453 0.433594
0 0.130273 0.898047 0.232422 0.105469
0 0.129688 0.804688 0.234375 0.093750
0 0.135547 0.701270 0.230469 0.086914
0 0.136523 0.610449 0.232422 0.092773
0 0.152930 0.532227 0.255859 0.064453
0 0.137109 0.969434 0.246094 0.057617
