2 0.111937 0.692097 0.098875 0.246694
2 0.243560 0.654563 0.146495 0.171627
2 0.295803 0.745084 0.157231 0.071417
2 0.399137 0.601518 0.260773 0.199911
2 0.479405 0.710978 0.286934 0.106331
2 0.601041 0.812732 0.289583 0.097339
2 0.700484 0.609549 0.188467 0.190973
2 0.588867 0.518359 0.099609 0.246094
2 0.154883 0.261133 0.166016 0.150391
2 0.063281 0.373828 0.085938 0.191406
2 0.165820 0.542969 0.197266 0.117188
2 0.157812 0.399219 0.109375 0.195312
2 0.270508 0.492773 0.166016 0.169922
2 0.368555 0.486133 0.162109 0.103516
2 0.312109 0.297461 0.136719 0.169922
2 0.432422 0.136133 0.246094 0.212891
2 0.444336 0.319336 0.154297 0.248047
2 0.547656 0.274219 0.101562 0.210938
2 0.302539 0.390039 0.189453 0.142578
2 0.678516 0.372070 0.144531 0.197266
2 0.788477 0.418359 0.158203 0.246094
