0 0.363086 0.887305 0.326172 0.224609
0 0.080078 0.578125 0.160156 0.171875
0 0.097656 0.753906 0.195312 0.226562
0 0.098633 0.882812 0.197266 0.234375
0 0.924609 0.775781 0.152344 0.367188
5 0.797461 0.572656 0.357422 0.601562
5 0.191406 0.321094 0.273438 0.507812
5 0.467383 0.431641 0.275391 0.550781
5 0.663867 0.445898 0.193359 0.404297
5 0.449023 0.122852 0.232422 0.111328
5 0.765625 0.210352 0.187500 0.126953
5 0.845703 0.179297 0.113281 0.199219
5 0.639258 0.177539 0.166016 0.142578
5 0.463867 0.052344 0.208984 0.054688
0 0.301367 0.713477 0.271484 0.267578
