2 0.792383 0.816016 0.416016 0.300781
2 0.731836 0.921875 0.419922 0.156250
2 0.391602 0.841797 0.486328 0.136719
2 0.301563 0.709570 0.515625 0.134766
2 0.751758 0.631641 0.384766 0.269531
2 0.380469 0.579688 0.476562 0.125000
2 0.137305 0.780664 0.130859 0.439453
2 0.762695 0.416016 0.384766 0.238281
2 0.653711 0.461719 0.185547 0.148438
2 0.319922 0.464648 0.449219 0.138672
2 0.327539 0.359766 0.470703 0.144531
2 0.208984 0.205078 0.246094 0.175781
2 0.560156 0.229883 0.507812 0.150391
2 0.859375 0.257617 0.281250 0.208984
2 0.650000 0.082031 0.500000 0.164062
