5 0.080859 0.165430 0.121094 0.271484
5 0.210938 0.168945 0.140625 0.275391
5 0.345117 0.174609 0.130859 0.277344
5 0.481250 0.174219 0.140625 0.273438
5 0.618164 0.174414 0.142578 0.283203
5 0.773828 0.142578 0.144531 0.222656
5 0.904687 0.165820 0.140625 0.291016
5 0.108008 0.633789 0.119141 0.251953
5 0.246680 0.605273 0.115234 0.310547
5 0.386523 0.597656 0.138672 0.320312
5 0.554102 0.605859 0.111328 0.261719
5 0.675195 0.600586 0.134766 0.310547
5 0.799805 0.598437 0.130859 0.312500
5 0.906055 0.588672 0.130859 0.292969
