5 0.442969 0.507227 0.117188 0.314453
5 0.548438 0.465430 0.093750 0.271484
5 0.777734 0.492578 0.121094 0.347656
5 0.200000 0.522266 0.109375 0.316406
5 0.083984 0.526172 0.105469 0.308594
5 0.951953 0.459766 0.097656 0.253906
1 0.769141 0.882812 0.191406 0.234375
1 0.598437 0.882227 0.156250 0.236328
1 0.438281 0.882227 0.179688 0.236328
1 0.253711 0.823047 0.201172 0.121094
1 0.154688 0.831836 0.218750 0.138672
1 0.146289 0.139258 0.189453 0.275391
1 0.313086 0.131836 0.185547 0.263672
1 0.488086 0.125000 0.216797 0.250000
5 0.834570 0.494727 0.087891 0.298828
5 0.311133 0.493945 0.119141 0.275391
5 0.656836 0.502930 0.123047 0.349609
