2 0.151270 0.473242 0.102539 0.318359
2 0.285547 0.785156 0.121094 0.195312
2 0.294434 0.673242 0.104492 0.224609
2 0.469629 0.684180 0.129883 0.396484
2 0.375293 0.752539 0.069336 0.236328
2 0.369434 0.434375 0.073242 0.312500
2 0.288477 0.323633 0.158203 0.337891
2 0.371680 0.100195 0.240234 0.134766
2 0.471484 0.417383 0.121094 0.400391
2 0.568359 0.690234 0.074219 0.246094
2 0.777246 0.442773 0.104492 0.419922
2 0.721582 0.176172 0.211914 0.167969
2 0.676172 0.067383 0.121094 0.134766
2 0.885645 0.056641 0.227539 0.113281
