3 0.252344 0.241016 0.476562 0.285156
3 0.752734 0.274414 0.496094 0.283203
3 0.750781 0.738281 0.476562 0.398438
3 0.419531 0.749023 0.148438 0.107422
3 0.068164 0.746582 0.111328 0.102539
3 0.070312 0.667285 0.125000 0.075195
3 0.140039 0.808105 0.126953 0.100586
3 0.254492 0.799316 0.115234 0.098633
3 0.366992 0.817676 0.115234 0.094727
3 0.179688 0.730469 0.109375 0.085938
3 0.290625 0.734961 0.109375 0.091797
3 0.188281 0.665039 0.117188 0.064453
3 0.315234 0.665625 0.136719 0.078125
3 0.428125 0.667969 0.093750 0.070312
