6 0.211523 0.072070 0.076172 0.134766
6 0.900781 0.365039 0.101562 0.251953
6 0.780078 0.360742 0.082031 0.255859
6 0.699805 0.359180 0.083984 0.255859
6 0.618555 0.357031 0.083984 0.257812
6 0.537891 0.354883 0.082031 0.259766
6 0.457031 0.351172 0.085938 0.261719
6 0.374805 0.349023 0.083984 0.263672
6 0.291406 0.345313 0.085938 0.265625
6 0.203711 0.342578 0.091797 0.269531
6 0.118750 0.339453 0.093750 0.269531
6 0.040039 0.336719 0.080078 0.273438
6 0.694141 0.708594 0.082031 0.273438
6 0.611914 0.708008 0.080078 0.275391
6 0.531641 0.708008 0.082031 0.275391
6 0.266602 0.732422 0.095703 0.230469
6 0.121875 0.735742 0.109375 0.224609
6 0.037109 0.740820 0.074219 0.212891
6 0.070898 0.066406 0.107422 0.132812
6 0.449219 0.707812 0.085938 0.281250
6 0.933203 0.712500 0.082031 0.265625
6 0.775391 0.710742 0.082031 0.271484
6 0.854102 0.708594 0.080078 0.273438
6 0.338867 0.071289 0.083984 0.142578
6 0.423242 0.074219 0.083984 0.148438
6 0.504492 0.076172 0.083984 0.152344
6 0.587891 0.078125 0.082031 0.156250
6 0.669727 0.079102 0.080078 0.158203
6 0.750000 0.080078 0.078125 0.160156
6 0.829688 0.082031 0.078125 0.164062
6 0.906250 0.084961 0.078125 0.169922
6 0.973242 0.084961 0.052734 0.169922
