0 0.896094 0.071875 0.179688 0.078125
0 0.887305 0.147461 0.177734 0.076172
0 0.880664 0.220312 0.173828 0.078125
0 0.867578 0.297266 0.160156 0.066406
0 0.869141 0.362109 0.175781 0.074219
0 0.860352 0.433398 0.173828 0.076172
0 0.855273 0.502734 0.169922 0.074219
0 0.848047 0.569336 0.167969 0.076172
0 0.837891 0.638086 0.160156 0.076172
0 0.830664 0.708789 0.158203 0.080078
0 0.831445 0.780078 0.166016 0.066406
0 0.826172 0.837695 0.167969 0.072266
0 0.817969 0.902148 0.164062 0.076172
0 0.813477 0.961523 0.158203 0.076172
0 0.621875 0.936328 0.156250 0.082031
0 0.630273 0.858789 0.154297 0.064453
0 0.632227 0.812305 0.158203 0.052734
0 0.632617 0.765820 0.162109 0.072266
0 0.635742 0.704883 0.162109 0.072266
0 0.641992 0.646875 0.162109 0.062500
1 0.643945 0.485352 0.150391 0.095703
1 0.648828 0.405859 0.144531 0.089844
1 0.663086 0.260742 0.154297 0.083984
1 0.628516 0.331445 0.097656 0.072266
1 0.667383 0.173828 0.150391 0.097656
1 0.678125 0.074023 0.156250 0.107422
1 0.481445 0.096680 0.166016 0.162109
1 0.475977 0.235742 0.158203 0.146484
1 0.467383 0.328906 0.150391 0.070312
1 0.447070 0.365039 0.119141 0.048828
1 0.444922 0.434375 0.105469 0.078125
1 0.445312 0.482227 0.109375 0.048828
1 0.443750 0.534766 0.109375 0.082031
1 0.440820 0.578516 0.103516 0.050781
1 0.445898 0.620117 0.107422 0.052734
1 0.442383 0.661133 0.103516 0.056641
1 0.427539 0.730078 0.111328 0.082031
1 0.426563 0.777148 0.109375 0.044922
0 0.444141 0.902734 0.144531 0.074219
0 0.443164 0.962305 0.142578 0.068359
0 0.262305 0.916016 0.146484 0.066406
0 0.266016 0.861914 0.144531 0.064453
1 0.263086 0.810156 0.154297 0.085938
0 0.262695 0.735352 0.150391 0.064453
0 0.265849 0.680974 0.153573 0.058823
0 0.270146 0.626989 0.155917 0.060228
0 0.267969 0.568359 0.148438 0.058594
0 0.269531 0.513086 0.148438 0.060547
0 0.271094 0.452734 0.148438 0.058594
0 0.271484 0.395898 0.152344 0.060547
0 0.277734 0.336523 0.152344 0.060547
0 0.280664 0.275000 0.158203 0.062500
0 0.282813 0.216211 0.156250 0.060547
0 0.078311 0.069632 0.156622 0.073639
0 0.079560 0.136877 0.149745 0.067503
0 0.075199 0.198354 0.150398 0.065458
0 0.079379 0.261430 0.158758 0.069734
0 0.076687 0.337656 0.153375 0.075313
0 0.081287 0.406004 0.159448 0.071383
0 0.074426 0.467259 0.148852 0.062642
0 0.071220 0.525137 0.142439 0.056523
0 0.071073 0.584763 0.142147 0.053902
0 0.071511 0.635969 0.143022 0.059437
1 0.076172 0.746094 0.152344 0.085938
0 0.080469 0.800195 0.148438 0.056641
1 0.068390 0.869632 0.136780 0.079889
1 0.072137 0.960534 0.141150 0.080442
