0 0.667090 0.058594 0.346680 0.117188
0 0.678516 0.190820 0.332031 0.134766
0 0.670508 0.310352 0.353516 0.142578
0 0.671484 0.448828 0.355469 0.128906
0 0.675098 0.589258 0.356445 0.134766
0 0.677148 0.760547 0.357422 0.136719
0 0.291309 0.878320 0.291992 0.119141
0 0.291895 0.775000 0.290039 0.109375
0 0.291992 0.653125 0.287109 0.109375
0 0.293555 0.523828 0.287109 0.097656
0 0.293652 0.419727 0.284180 0.111328
0 0.294238 0.323242 0.282227 0.099609
0 0.287402 0.230078 0.268555 0.113281
0 0.294824 0.146289 0.280273 0.111328
0 0.294336 0.048828 0.279297 0.097656
0 0.678711 0.925781 0.357422 0.148438
