5 0.331348 0.910156 0.403320 0.179688
5 0.313574 0.711719 0.374023 0.148438
5 0.320117 0.549805 0.380859 0.146484
5 0.302734 0.372070 0.371094 0.134766
5 0.189453 0.174805 0.003906 0.005859
5 0.311523 0.219727 0.388672 0.126953
5 0.291797 0.065430 0.371094 0.130859
5 0.808203 0.936914 0.332031 0.126953
5 0.808008 0.803125 0.337891 0.125000
5 0.793359 0.684180 0.324219 0.146484
5 0.798438 0.530078 0.343750 0.128906
5 0.793750 0.378711 0.343750 0.138672
5 0.791016 0.238086 0.300781 0.123047
5 0.785742 0.107813 0.302734 0.125000
