4 0.672274 0.530928 0.169548 0.202481
2 0.936109 0.261809 0.128467 0.129869
3 0.546680 0.638672 0.224609 0.167969
6 0.431445 0.571680 0.087891 0.068359
4 0.101562 0.925195 0.203125 0.150391
4 0.307422 0.276953 0.152344 0.207031
4 0.451562 0.295703 0.125000 0.066406
4 0.406055 0.396484 0.177734 0.167969
4 0.753320 0.163477 0.134766 0.142578
4 0.889258 0.097461 0.103516 0.154297
1 0.416406 0.328711 0.085938 0.076172
4 0.871680 0.420508 0.255859 0.306641
6 0.711914 0.401172 0.048828 0.105469
4 0.030273 0.341211 0.060547 0.107422
4 0.051758 0.410156 0.103516 0.242188
1 0.222656 0.594727 0.445312 0.283203
4 0.155273 0.441797 0.154297 0.089844
4 0.538477 0.539062 0.095703 0.078125
4 0.759375 0.546289 0.109375 0.173828
4 0.715820 0.666016 0.134766 0.191406
4 0.865039 0.672656 0.189453 0.257812
4 0.890039 0.901172 0.220703 0.199219
4 0.522852 0.894531 0.173828 0.210938
6 0.903711 0.577148 0.076172 0.060547
4 0.503906 0.490234 0.132812 0.105469
4 0.377539 0.497461 0.095703 0.076172
2 0.402930 0.752539 0.146484 0.158203
4 0.658008 0.751953 0.087891 0.097656
4 0.170313 0.145117 0.093750 0.068359
4 0.173242 0.265234 0.083984 0.058594
4 0.315430 0.463281 0.083984 0.085938
