2 0.049805 0.277930 0.099609 0.380859
2 0.150391 0.271094 0.113281 0.398438
2 0.264062 0.274805 0.109375 0.396484
2 0.371484 0.276367 0.105469 0.396484
2 0.488086 0.279102 0.107422 0.392578
2 0.595508 0.280273 0.103516 0.388672
2 0.700000 0.283984 0.109375 0.386719
2 0.810156 0.281836 0.117188 0.388672
2 0.141992 0.750586 0.115234 0.373047
2 0.257812 0.751758 0.109375 0.369141
2 0.476367 0.756445 0.099609 0.353516
2 0.575977 0.753320 0.095703 0.353516
2 0.679297 0.779297 0.105469 0.308594
2 0.370040 0.766518 0.115080 0.339286
2 0.780845 0.781641 0.099189 0.322656
2 0.041992 0.748828 0.083984 0.378906
