6 0.332031 0.254688 0.167187 0.121875
6 0.492188 0.255469 0.171875 0.142187
6 0.632812 0.263281 0.146875 0.120313
6 0.788281 0.250781 0.176563 0.126562
6 0.934375 0.259375 0.131250 0.140625
6 0.926562 0.384375 0.146875 0.153125
6 0.929688 0.508594 0.140625 0.145313
6 0.769531 0.368750 0.167187 0.115625
6 0.607031 0.375781 0.157812 0.120313
6 0.454688 0.385156 0.206250 0.157812
6 0.324219 0.356250 0.139063 0.109375
6 0.753125 0.489063 0.178125 0.112500
6 0.591406 0.507812 0.145313 0.093750
6 0.475000 0.500000 0.165625 0.109375
6 0.322656 0.486719 0.148438 0.132812
6 0.118750 0.358594 0.128125 0.114062
6 0.118750 0.475000 0.184375 0.125000
6 0.160938 0.732031 0.184375 0.389062
6 0.051562 0.701562 0.103125 0.365625
6 0.313281 0.735156 0.167187 0.345313
6 0.463281 0.714063 0.164062 0.371875
6 0.597656 0.735156 0.151562 0.376563
6 0.734375 0.720313 0.165625 0.362500
6 0.941406 0.257031 0.117188 0.120313
6 0.932031 0.371094 0.135937 0.120313
6 0.933594 0.527344 0.132812 0.142187
6 0.913281 0.753125 0.173437 0.359375
