5 0.596484 0.905664 0.183594 0.126953
5 0.433984 0.876563 0.214844 0.125000
5 0.270313 0.870508 0.218750 0.150391
5 0.627344 0.654883 0.242188 0.150391
5 0.672461 0.742188 0.169922 0.171875
5 0.503320 0.773438 0.197266 0.093750
5 0.250781 0.784766 0.195312 0.144531
5 0.723633 0.454688 0.119141 0.250000
5 0.546289 0.597266 0.205078 0.160156
5 0.417578 0.659570 0.128906 0.181641
5 0.248828 0.623437 0.222656 0.203125
5 0.212305 0.521094 0.208984 0.195312
5 0.583789 0.470703 0.189453 0.191406
5 0.367773 0.491602 0.248047 0.189453
5 0.473438 0.367773 0.218750 0.169922
5 0.670312 0.282031 0.234375 0.132812
5 0.314063 0.325195 0.218750 0.119141
5 0.150000 0.298242 0.125000 0.224609
5 0.385352 0.189062 0.236328 0.156250
5 0.641406 0.095117 0.289062 0.162109
