3 0.875391 0.931055 0.097656 0.115234
2 0.123633 0.608789 0.119141 0.158203
2 0.190430 0.141016 0.115234 0.269531
2 0.302539 0.109375 0.142578 0.187500
2 0.139453 0.288672 0.238281 0.214844
2 0.304102 0.269336 0.111328 0.294922
2 0.312891 0.504492 0.253906 0.193359
2 0.431445 0.305664 0.103516 0.158203
2 0.467383 0.409570 0.087891 0.134766
2 0.324805 0.684961 0.271484 0.107422
2 0.347656 0.589844 0.101562 0.132812
2 0.525000 0.603320 0.109375 0.275391
2 0.639062 0.676172 0.125000 0.105469
2 0.490625 0.662891 0.187500 0.160156
2 0.570117 0.350000 0.177734 0.312500
2 0.629297 0.318359 0.105469 0.167969
2 0.648828 0.152930 0.191406 0.083984
2 0.795508 0.188867 0.087891 0.255859
2 0.841797 0.281250 0.246094 0.156250
2 0.847656 0.645898 0.304688 0.248047
2 0.857812 0.543359 0.218750 0.121094
2 0.913086 0.393945 0.154297 0.166016
2 0.894922 0.176367 0.136719 0.146484
4 0.689258 0.498828 0.181641 0.144531
2 0.058594 0.370703 0.117188 0.128906
6 0.725000 0.390234 0.093750 0.074219
