4 0.851562 0.572754 0.140625 0.208008
4 0.711719 0.441504 0.179688 0.208008
4 0.311133 0.877930 0.119141 0.208984
4 0.247852 0.697168 0.095703 0.178711
4 0.482031 0.824316 0.117188 0.114258
4 0.799414 0.671875 0.111328 0.109375
4 0.490625 0.491504 0.171875 0.176758
4 0.398047 0.443848 0.089844 0.122070
4 0.469336 0.371387 0.091797 0.108398
4 0.439258 0.304590 0.056641 0.096680
4 0.331641 0.385254 0.097656 0.129883
4 0.196094 0.532324 0.117188 0.186523
4 0.316504 0.518066 0.114258 0.129883
4 0.410742 0.693262 0.052734 0.124023
4 0.498437 0.695605 0.078125 0.100586
4 0.610938 0.534277 0.140625 0.409180
4 0.563867 0.671387 0.083984 0.108398
4 0.141602 0.795410 0.111328 0.090820
