4 0.883594 0.170703 0.195312 0.160156
4 0.878906 0.354297 0.195312 0.136719
4 0.629297 0.172656 0.230469 0.132812
4 0.617578 0.359180 0.207031 0.162109
4 0.367969 0.181055 0.226562 0.130859
4 0.380664 0.366992 0.205078 0.162109
4 0.116992 0.179102 0.193359 0.158203
4 0.120117 0.362695 0.193359 0.134766
4 0.128320 0.028320 0.228516 0.056641
4 0.373633 0.030273 0.228516 0.060547
4 0.624121 0.025391 0.229492 0.050781
4 0.873145 0.022461 0.227539 0.044922
4 0.872656 0.615820 0.226562 0.134766
4 0.626758 0.615039 0.228516 0.126953
4 0.366992 0.644336 0.224609 0.123047
4 0.123828 0.645117 0.222656 0.130859
4 0.130664 0.829492 0.220703 0.130859
4 0.375977 0.827148 0.189453 0.154297
4 0.617578 0.801562 0.191406 0.156250
4 0.867969 0.801367 0.226562 0.130859
4 0.877539 0.953125 0.205078 0.093750
4 0.630664 0.957617 0.173828 0.083984
4 0.363086 0.969336 0.169922 0.060547
4 0.119922 0.965430 0.199219 0.068359
