5 0.268164 0.130664 0.267578 0.173828
5 0.506250 0.100977 0.265625 0.126953
5 0.666406 0.212305 0.085938 0.271484
5 0.031250 0.318457 0.062500 0.243164
5 0.276953 0.339258 0.113281 0.244141
5 0.178125 0.437500 0.140625 0.250000
5 0.380273 0.440234 0.091797 0.277344
5 0.474414 0.351562 0.126953 0.234375
5 0.546680 0.399023 0.162109 0.232422
5 0.676172 0.452148 0.121094 0.216797
5 0.844727 0.325781 0.236328 0.164062
5 0.086523 0.646289 0.123047 0.251953
5 0.321875 0.622852 0.265625 0.111328
5 0.554688 0.594531 0.125000 0.273438
5 0.797266 0.526367 0.175781 0.240234
5 0.936328 0.612305 0.128906 0.240234
5 0.717187 0.674414 0.250000 0.126953
5 0.159961 0.808594 0.216797 0.242188
5 0.325977 0.792578 0.205078 0.238281
5 0.484766 0.801562 0.113281 0.265625
5 0.706641 0.847656 0.128906 0.226562
