6 0.889062 0.828516 0.109375 0.191406
6 0.882812 0.641211 0.109375 0.185547
6 0.783594 0.821289 0.101562 0.189453
6 0.776172 0.639258 0.105469 0.181641
6 0.682031 0.817187 0.101562 0.187500
6 0.673828 0.635352 0.097656 0.173828
6 0.580078 0.812109 0.097656 0.183594
6 0.576953 0.634375 0.097656 0.171875
6 0.483789 0.810156 0.095703 0.179688
6 0.482227 0.633398 0.095703 0.169922
6 0.388086 0.806641 0.091797 0.175781
6 0.294922 0.638477 0.089844 0.173828
6 0.208984 0.808008 0.089844 0.166016
6 0.206445 0.637500 0.087891 0.171875
6 0.120508 0.636523 0.087891 0.169922
6 0.039062 0.636523 0.078125 0.169922
6 0.122070 0.798633 0.087891 0.150391
6 0.040039 0.796680 0.080078 0.146484
6 0.275195 0.232813 0.072266 0.187500
6 0.347070 0.228516 0.072266 0.191406
6 0.418945 0.226367 0.072266 0.193359
6 0.496875 0.365234 0.078125 0.167969
6 0.495898 0.202539 0.076172 0.158203
6 0.571875 0.363672 0.078125 0.167969
6 0.571875 0.198242 0.078125 0.162109
6 0.650000 0.359961 0.078125 0.169922
6 0.649023 0.204102 0.076172 0.142578
6 0.736133 0.352539 0.087891 0.173828
6 0.735156 0.184375 0.085938 0.171875
6 0.823242 0.350977 0.083984 0.173828
6 0.820117 0.179102 0.083984 0.173828
6 0.910547 0.349414 0.089844 0.173828
6 0.904883 0.174414 0.087891 0.173828
6 0.387500 0.633398 0.093750 0.169922
6 0.299219 0.813867 0.085938 0.177734
6 0.414062 0.355469 0.081250 0.045312
6 0.406250 0.413281 0.084375 0.070312
6 0.338281 0.350000 0.073438 0.059375
6 0.334375 0.414844 0.081250 0.067187
6 0.267969 0.355469 0.070312 0.054688
6 0.263281 0.414844 0.070312 0.064062
6 0.065625 0.248438 0.071875 0.206250
6 0.201563 0.244531 0.071875 0.207813
6 0.135937 0.243750 0.075000 0.200000
