5 0.257617 0.534277 0.240234 0.315430
5 0.287109 0.391504 0.167969 0.176758
5 0.171875 0.337402 0.109375 0.143555
5 0.488281 0.878906 0.335938 0.242188
5 0.537891 0.761719 0.363281 0.242188
5 0.402930 0.704980 0.302734 0.272461
5 0.230078 0.818164 0.285156 0.314453
5 0.910156 0.495117 0.179688 0.271484
5 0.068164 0.529199 0.111328 0.124023
5 0.069922 0.561621 0.136719 0.151367
5 0.763672 0.580469 0.214844 0.179688
5 0.665820 0.560059 0.275391 0.245117
5 0.870117 0.606348 0.037109 0.075195
5 0.819141 0.465332 0.113281 0.196289
5 0.119141 0.491016 0.238281 0.285156
5 0.254883 0.680957 0.150391 0.165039
5 0.735938 0.705566 0.187500 0.161133
5 0.941406 0.421387 0.117188 0.217773
