5 0.852148 0.477539 0.248047 0.173828
5 0.576562 0.332031 0.234375 0.164062
5 0.386133 0.394336 0.228516 0.216797
5 0.197656 0.414453 0.242188 0.222656
5 0.091797 0.594043 0.183594 0.163086
5 0.414453 0.603320 0.144531 0.228516
5 0.536523 0.543945 0.201172 0.212891
5 0.571875 0.735938 0.203125 0.265625
5 0.670508 0.521289 0.166016 0.236328
5 0.730273 0.683594 0.232422 0.179688
5 0.850000 0.795508 0.187500 0.212891
5 0.646094 0.908984 0.226562 0.183594
5 0.433594 0.895508 0.210938 0.197266
5 0.336523 0.732812 0.216797 0.234375
5 0.213672 0.749609 0.214844 0.183594
5 0.213867 0.871094 0.224609 0.164062
5 0.073242 0.913477 0.146484 0.173828
5 0.256250 0.968750 0.109375 0.062500
5 0.543555 0.937598 0.099609 0.122070
5 0.334375 0.617188 0.171875 0.218750
