0 0.110352 0.359375 0.111328 0.203125
0 0.262305 0.420703 0.083984 0.285156
0 0.363672 0.427734 0.121094 0.277344
0 0.486328 0.432227 0.128906 0.267578
0 0.622461 0.433203 0.138672 0.269531
0 0.733789 0.414062 0.111328 0.265625
0 0.748047 0.473242 0.089844 0.177734
0 0.867188 0.433594 0.140625 0.273438
0 0.960938 0.463672 0.078125 0.214844
0 0.082422 0.794922 0.121094 0.324219
0 0.181641 0.788086 0.113281 0.310547
0 0.288672 0.790820 0.105469 0.306641
0 0.389648 0.787109 0.091797 0.308594
0 0.473047 0.817187 0.089844 0.250000
0 0.590820 0.802539 0.150391 0.267578
0 0.719531 0.813867 0.117188 0.240234
0 0.815430 0.812500 0.115234 0.234375
0 0.921875 0.795508 0.140625 0.259766
