6 0.038086 0.261133 0.076172 0.197266
6 0.117188 0.266992 0.078125 0.193359
6 0.193359 0.268164 0.074219 0.189453
6 0.272266 0.272266 0.082031 0.191406
6 0.355859 0.277148 0.074219 0.185547
6 0.428320 0.279297 0.072266 0.183594
6 0.501758 0.283008 0.072266 0.181641
6 0.578711 0.285156 0.076172 0.179688
6 0.649805 0.287891 0.068359 0.175781
6 0.711914 0.290039 0.064453 0.173828
6 0.781836 0.293750 0.076172 0.171875
6 0.848242 0.294727 0.068359 0.173828
6 0.911914 0.296875 0.064453 0.171875
6 0.356445 0.159180 0.072266 0.052734
6 0.366211 0.101172 0.076172 0.058594
6 0.366211 0.041016 0.076172 0.066406
6 0.427344 0.160156 0.070312 0.054688
6 0.440820 0.106055 0.072266 0.052734
6 0.440820 0.045898 0.072266 0.060547
6 0.498633 0.162695 0.072266 0.056641
6 0.511719 0.110156 0.070312 0.054688
6 0.512695 0.047461 0.072266 0.060547
6 0.210742 0.150781 0.193359 0.054688
6 0.229883 0.112109 0.181641 0.058594
6 0.055664 0.135742 0.111328 0.068359
6 0.058594 0.095312 0.117188 0.109375
6 0.053711 0.043945 0.107422 0.087891
6 0.579883 0.171680 0.072266 0.052734
6 0.581055 0.119531 0.068359 0.054688
6 0.586719 0.061133 0.070312 0.056641
6 0.649805 0.174805 0.068359 0.052734
6 0.648828 0.121094 0.066406 0.054688
6 0.655078 0.066406 0.066406 0.054688
6 0.717578 0.179492 0.066406 0.052734
6 0.714453 0.124805 0.066406 0.052734
6 0.718164 0.071680 0.064453 0.052734
6 0.783203 0.181641 0.066406 0.050781
6 0.781641 0.131641 0.066406 0.050781
6 0.788672 0.071094 0.074219 0.054688
6 0.849414 0.183203 0.064453 0.050781
6 0.847266 0.132227 0.066406 0.048828
6 0.856055 0.074219 0.068359 0.054688
6 0.913477 0.184180 0.064453 0.052734
6 0.912891 0.132617 0.066406 0.052734
6 0.918555 0.076758 0.068359 0.056641
6 0.972070 0.301758 0.056641 0.166016
6 0.972656 0.132617 0.054688 0.177734
6 0.095508 0.586914 0.087891 0.158203
6 0.180078 0.586914 0.082031 0.158203
6 0.261719 0.585938 0.085938 0.156250
6 0.080859 0.748828 0.089844 0.160156
6 0.166406 0.746680 0.085938 0.162109
6 0.251367 0.744727 0.083984 0.158203
6 0.498047 0.583008 0.074219 0.150391
6 0.492773 0.737109 0.076172 0.152344
6 0.415625 0.739062 0.078125 0.156250
6 0.422461 0.583398 0.076172 0.154297
6 0.577539 0.590625 0.080078 0.156250
6 0.568359 0.737695 0.074219 0.150391
6 0.650000 0.589648 0.078125 0.154297
6 0.643945 0.738281 0.072266 0.148438
6 0.725586 0.589258 0.076172 0.150391
6 0.716797 0.737305 0.074219 0.146484
6 0.795703 0.585742 0.066406 0.146484
6 0.863281 0.584766 0.070312 0.144531
6 0.790430 0.730078 0.068359 0.144531
6 0.860156 0.728516 0.070312 0.144531
6 0.929102 0.583789 0.064453 0.142578
6 0.924805 0.726562 0.068359 0.140625
