3 0.405664 0.805664 0.283203 0.361328
3 0.693373 0.807895 0.302370 0.375166
3 0.897266 0.811914 0.207031 0.376953
3 0.151194 0.813141 0.299262 0.373156
3 0.422656 0.380664 0.210938 0.267578
3 0.228125 0.385742 0.234375 0.255859
3 0.674414 0.373047 0.220703 0.277344
3 0.870117 0.370898 0.240234 0.279297
3 0.826562 0.114258 0.203125 0.228516
3 0.632812 0.120117 0.187500 0.240234
3 0.426367 0.139648 0.224609 0.279297
3 0.199805 0.142578 0.255859 0.285156
3 0.441406 0.602148 0.226562 0.123047
3 0.225000 0.594141 0.234375 0.097656
3 0.659766 0.599219 0.222656 0.117188
3 0.878320 0.584375 0.244141 0.093750
