0 0.735742 0.051758 0.365234 0.103516
0 0.759180 0.173828 0.412109 0.207031
0 0.763672 0.360742 0.417969 0.193359
0 0.753711 0.518164 0.388672 0.126953
0 0.757812 0.669922 0.375000 0.152344
0 0.760742 0.833789 0.396484 0.173828
0 0.767383 0.945898 0.369141 0.107422
0 0.221484 0.096484 0.324219 0.152344
0 0.224023 0.212695 0.310547 0.119141
0 0.213477 0.309570 0.314453 0.134766
0 0.215430 0.421484 0.318359 0.121094
0 0.213281 0.542773 0.320312 0.123047
0 0.213867 0.676562 0.318359 0.125000
0 0.225586 0.772461 0.326172 0.107422
0 0.213477 0.880469 0.330078 0.132812
