0 0.113181 0.315077 0.223238 0.464528
0 0.307952 0.318865 0.184653 0.456480
0 0.530011 0.319627 0.181897 0.454880
0 0.715242 0.314320 0.196109 0.438016
0 0.898823 0.311820 0.203897 0.436141
0 0.785156 0.683594 0.085938 0.173437
0 0.701562 0.688281 0.071875 0.185938
0 0.627344 0.685156 0.070312 0.192188
0 0.553906 0.685937 0.076563 0.184375
0 0.475781 0.688281 0.073438 0.195312
0 0.403906 0.690625 0.073438 0.190625
0 0.320312 0.696094 0.075000 0.176563
0 0.250781 0.688281 0.060937 0.142187
0 0.185938 0.687500 0.065625 0.156250
0 0.117969 0.687500 0.082812 0.153125
