4 0.786914 0.140430 0.330078 0.255859
4 0.775000 0.367578 0.328125 0.238281
4 0.770508 0.596484 0.322266 0.277344
4 0.760156 0.843750 0.320312 0.250000
4 0.858105 0.706836 0.225586 0.154297
4 0.885742 0.500000 0.193359 0.156250
4 0.878906 0.253320 0.179688 0.166016
4 0.257910 0.066406 0.262695 0.132812
4 0.354492 0.109766 0.224609 0.144531
4 0.296289 0.247461 0.205078 0.169922
4 0.422754 0.239063 0.145508 0.125000
4 0.341113 0.368945 0.235352 0.150391
4 0.253711 0.429688 0.263672 0.140625
4 0.161914 0.119141 0.220703 0.144531
4 0.120117 0.254492 0.240234 0.162109
4 0.147461 0.395508 0.216797 0.150391
4 0.250781 0.753320 0.460938 0.337891
