2 0.725879 0.080859 0.286133 0.136719
2 0.851172 0.209570 0.261719 0.150391
2 0.840430 0.334570 0.255859 0.197266
2 0.904004 0.575195 0.145508 0.275391
2 0.747754 0.427539 0.176758 0.267578
2 0.800781 0.625391 0.195312 0.222656
2 0.608984 0.463281 0.246094 0.195312
2 0.460059 0.529297 0.338867 0.167969
2 0.556445 0.623633 0.322266 0.134766
2 0.563477 0.780859 0.330078 0.199219
2 0.646875 0.899414 0.312500 0.158203
2 0.791992 0.759570 0.193359 0.212891
2 0.397461 0.360742 0.404297 0.318359
2 0.597754 0.191016 0.301758 0.160156
2 0.194238 0.092773 0.329102 0.185547
2 0.322949 0.074219 0.295898 0.148438
2 0.288770 0.677734 0.352539 0.214844
2 0.200195 0.879492 0.400391 0.208984
2 0.085938 0.640430 0.171875 0.365234
2 0.137695 0.415430 0.275391 0.240234
2 0.271387 0.955859 0.342773 0.089844
2 0.503223 0.055664 0.184570 0.111328
