4 0.255469 0.914453 0.226562 0.160156
4 0.171289 0.855273 0.189453 0.123047
4 0.219727 0.740039 0.173828 0.142578
4 0.113086 0.746484 0.123047 0.105469
4 0.182422 0.637500 0.199219 0.125000
4 0.334961 0.846484 0.185547 0.121094
4 0.367773 0.732422 0.201172 0.136719
4 0.345996 0.614062 0.182617 0.125000
4 0.257617 0.572266 0.224609 0.144531
4 0.080566 0.330859 0.161133 0.339844
4 0.086426 0.143555 0.172852 0.287109
4 0.331543 0.249023 0.256836 0.498047
4 0.415820 0.249023 0.150391 0.498047
4 0.719629 0.439844 0.161133 0.101562
4 0.783691 0.378711 0.161133 0.107422
4 0.720215 0.303516 0.159180 0.097656
4 0.783691 0.249023 0.161133 0.107422
4 0.720117 0.188477 0.162109 0.095703
4 0.783691 0.123438 0.161133 0.109375
4 0.724414 0.064453 0.158203 0.097656
4 0.650879 0.764453 0.301758 0.472656
4 0.855469 0.750586 0.289062 0.498047
