6 0.283594 0.909766 0.304688 0.128906
6 0.272266 0.777148 0.332031 0.154297
6 0.272266 0.627734 0.332031 0.152344
6 0.273242 0.475195 0.333984 0.150391
6 0.273828 0.328711 0.332031 0.154297
6 0.312305 0.190430 0.255859 0.146484
6 0.313477 0.062500 0.251953 0.125000
6 0.794727 0.908203 0.298828 0.160156
6 0.795312 0.786914 0.296875 0.142578
6 0.796289 0.660156 0.298828 0.132812
6 0.797266 0.533203 0.300781 0.128906
6 0.796680 0.405664 0.302734 0.126953
6 0.797266 0.280859 0.300781 0.136719
6 0.797852 0.158789 0.298828 0.142578
6 0.798828 0.052734 0.300781 0.105469
