0 0.183691 0.920508 0.192383 0.103516
0 0.235937 0.772070 0.437500 0.181641
0 0.163672 0.612109 0.246094 0.183594
0 0.379395 0.588672 0.118164 0.121094
0 0.281641 0.430078 0.222656 0.113281
0 0.249414 0.271094 0.439453 0.179688
0 0.074707 0.165625 0.071289 0.078125
0 0.284277 0.086914 0.315430 0.173828
0 0.709766 0.901172 0.160156 0.152344
0 0.734961 0.787109 0.357422 0.261719
0 0.606836 0.577539 0.076172 0.080078
0 0.817187 0.621680 0.312500 0.208984
0 0.666309 0.422852 0.182617 0.111328
0 0.735156 0.276758 0.429688 0.166016
0 0.912695 0.150195 0.119141 0.119141
0 0.701758 0.115820 0.259766 0.181641
