5 0.614062 0.256445 0.390625 0.181641
5 0.585742 0.351953 0.412109 0.222656
5 0.491016 0.687109 0.503906 0.246094
5 0.558203 0.773438 0.472656 0.234375
5 0.120215 0.370703 0.237305 0.128906
5 0.089844 0.487305 0.179688 0.130859
5 0.054688 0.615039 0.109375 0.158203
5 0.067383 0.802539 0.134766 0.158203
0 0.638477 0.079102 0.455078 0.158203
0 0.718164 0.122852 0.501953 0.220703
0 0.191406 0.067383 0.367188 0.134766
0 0.159277 0.165039 0.315430 0.205078
0 0.185547 0.252930 0.371094 0.177734
5 0.546875 0.510742 0.453125 0.193359
