5 0.333984 0.180469 0.214844 0.132812
5 0.564453 0.208789 0.253906 0.142578
5 0.293555 0.295703 0.208984 0.128906
5 0.535742 0.315820 0.208984 0.119141
5 0.389453 0.409766 0.144531 0.207031
5 0.573633 0.405078 0.244141 0.113281
5 0.185156 0.409961 0.273438 0.154297
5 0.115234 0.486133 0.230469 0.166016
5 0.297266 0.520508 0.191406 0.197266
5 0.362305 0.628320 0.146484 0.212891
5 0.503320 0.548438 0.166016 0.203125
5 0.593164 0.578125 0.205078 0.250000
5 0.650781 0.688281 0.117188 0.195312
5 0.607031 0.826758 0.210938 0.119141
5 0.436523 0.752539 0.216797 0.205078
5 0.174414 0.759570 0.205078 0.119141
5 0.168555 0.639648 0.271484 0.185547
