4 0.306934 0.048438 0.291992 0.093750
4 0.530762 0.079883 0.186523 0.150391
4 0.496191 0.185938 0.161133 0.156250
4 0.374902 0.159766 0.174805 0.160156
4 0.264160 0.103125 0.090820 0.109375
4 0.281738 0.271875 0.204102 0.156250
4 0.220508 0.311523 0.119141 0.076172
4 0.469824 0.429492 0.249023 0.146484
4 0.323730 0.425195 0.147461 0.119141
4 0.341699 0.398242 0.124023 0.099609
4 0.500488 0.309570 0.172852 0.119141
4 0.348145 0.536523 0.258789 0.232422
4 0.290918 0.475977 0.147461 0.111328
4 0.550781 0.551172 0.132812 0.105469
4 0.458105 0.510547 0.131836 0.074219
4 0.599707 0.677734 0.211914 0.214844
4 0.712402 0.838281 0.159180 0.101562
4 0.438770 0.779687 0.133789 0.125000
4 0.488281 0.908008 0.101562 0.134766
4 0.402832 0.682617 0.086914 0.083984
4 0.373535 0.767578 0.059570 0.097656
4 0.611230 0.092578 0.084961 0.097656
4 0.575098 0.817383 0.153320 0.119141
