2 0.112695 0.273047 0.134766 0.464844
2 0.241016 0.262109 0.128906 0.464844
2 0.377930 0.262500 0.146484 0.453125
2 0.524023 0.261523 0.123047 0.466797
2 0.640430 0.253516 0.130859 0.441406
2 0.766406 0.282031 0.132812 0.476562
2 0.897852 0.276172 0.142578 0.433594
2 0.107813 0.739258 0.140625 0.462891
2 0.235156 0.717578 0.132812 0.441406
2 0.371680 0.613867 0.146484 0.271484
2 0.415430 0.858789 0.271484 0.126953
2 0.494531 0.657031 0.117188 0.273438
2 0.613867 0.721094 0.130859 0.476562
2 0.742578 0.718359 0.144531 0.402344
2 0.875977 0.733398 0.158203 0.419922
