0 0.882812 0.641992 0.125000 0.271484
0 0.777344 0.623047 0.117188 0.230469
0 0.674414 0.641406 0.111328 0.273438
0 0.519531 0.713867 0.132812 0.412109
0 0.402930 0.713281 0.099609 0.414062
0 0.298633 0.697266 0.119141 0.378906
0 0.184375 0.709570 0.125000 0.353516
0 0.076563 0.711523 0.125000 0.357422
0 0.921289 0.187109 0.158203 0.355469
0 0.775977 0.186133 0.173828 0.353516
0 0.615625 0.186328 0.156250 0.363281
0 0.475391 0.151367 0.128906 0.287109
0 0.338867 0.152930 0.130859 0.287109
0 0.208398 0.150195 0.138672 0.291016
0 0.075195 0.149219 0.150391 0.289062
