5 0.788672 0.231836 0.152344 0.169922
5 0.841211 0.488867 0.123047 0.193359
5 0.814453 0.702734 0.097656 0.230469
5 0.766602 0.448633 0.095703 0.197266
5 0.688477 0.332617 0.142578 0.255859
5 0.615820 0.258789 0.181641 0.220703
5 0.651367 0.706055 0.099609 0.240234
5 0.730273 0.666016 0.076172 0.191406
5 0.654102 0.530078 0.173828 0.144531
5 0.565039 0.423828 0.189453 0.191406
5 0.473633 0.491016 0.228516 0.160156
5 0.526758 0.634375 0.181641 0.171875
5 0.495703 0.725000 0.253906 0.218750
5 0.303125 0.741602 0.296875 0.236328
5 0.390234 0.791602 0.199219 0.126953
5 0.310547 0.528711 0.199219 0.232422
5 0.114648 0.496680 0.201172 0.302734
5 0.161133 0.288672 0.197266 0.292969
5 0.332617 0.265430 0.162109 0.240234
5 0.450000 0.290820 0.218750 0.259766
