6 0.210938 0.898438 0.421875 0.187500
6 0.210938 0.732812 0.421875 0.187500
6 0.208984 0.553320 0.417969 0.181641
6 0.207031 0.369922 0.414062 0.183594
6 0.206055 0.192383 0.412109 0.197266
6 0.610352 0.701172 0.376953 0.167969
6 0.608203 0.536914 0.378906 0.158203
6 0.610156 0.372461 0.382812 0.169922
6 0.612109 0.207031 0.386719 0.179688
6 0.611914 0.863281 0.376953 0.179688
6 0.208984 0.057617 0.417969 0.115234
6 0.905078 0.075195 0.191406 0.150391
6 0.901758 0.223242 0.197266 0.162109
6 0.899023 0.379688 0.201172 0.156250
6 0.901172 0.538086 0.199219 0.154297
6 0.901758 0.695117 0.197266 0.162109
6 0.901758 0.846680 0.197266 0.162109
