2 0.698633 0.578125 0.087891 0.250000
2 0.482812 0.641211 0.281250 0.169922
2 0.559180 0.762305 0.287109 0.115234
2 0.669531 0.865039 0.273438 0.095703
2 0.349414 0.775195 0.158203 0.072266
2 0.136133 0.707617 0.103516 0.271484
2 0.297852 0.679102 0.173828 0.173828
2 0.217578 0.537500 0.222656 0.156250
2 0.346680 0.505273 0.177734 0.201172
2 0.476953 0.531641 0.128906 0.113281
2 0.566406 0.350391 0.195312 0.253906
2 0.394336 0.396484 0.201172 0.183594
2 0.416602 0.288867 0.142578 0.208984
2 0.682031 0.310937 0.132812 0.218750
2 0.578711 0.140625 0.294922 0.203125
