4 0.220117 0.807422 0.380859 0.386719
3 0.066406 0.238086 0.132812 0.138672
3 0.060547 0.425586 0.121094 0.263672
3 0.539844 0.217383 0.164062 0.197266
3 0.471289 0.418359 0.158203 0.261719
3 0.624023 0.292969 0.138672 0.132812
3 0.644922 0.416797 0.136719 0.199219
3 0.531250 0.842383 0.125000 0.197266
3 0.506250 0.801172 0.171875 0.277344
3 0.509180 0.640430 0.130859 0.083984
3 0.727930 0.585352 0.146484 0.064453
3 0.646875 0.780078 0.156250 0.253906
3 0.365820 0.683203 0.150391 0.144531
4 0.337891 0.429492 0.160156 0.287109
1 0.195312 0.459766 0.171875 0.285156
1 0.236719 0.552148 0.132812 0.123047
