2 0.259766 0.778320 0.285156 0.291016
2 0.113867 0.465625 0.146484 0.343750
2 0.238281 0.176758 0.210938 0.322266
2 0.266992 0.370703 0.224609 0.269531
2 0.409961 0.603906 0.341797 0.101562
2 0.421680 0.700977 0.318359 0.111328
2 0.550195 0.866797 0.275391 0.246094
2 0.619531 0.651758 0.101562 0.337891
2 0.764648 0.725391 0.248047 0.269531
2 0.702734 0.506250 0.121094 0.312500
2 0.741797 0.298242 0.214844 0.287109
2 0.507812 0.433594 0.312500 0.242188
2 0.369727 0.401953 0.205078 0.238281
2 0.448633 0.258594 0.291016 0.164062
2 0.491797 0.159961 0.277344 0.169922
