6 0.905078 0.238770 0.050781 0.133789
6 0.808594 0.238281 0.054688 0.132812
6 0.701758 0.232031 0.056641 0.132812
6 0.593164 0.234570 0.048828 0.134766
6 0.470703 0.234570 0.066406 0.150391
6 0.354492 0.235547 0.068359 0.152344
6 0.224023 0.237305 0.076172 0.146484
6 0.107227 0.241406 0.080078 0.148438
6 0.178125 0.420898 0.078125 0.123047
6 0.298438 0.417969 0.062500 0.132812
6 0.413477 0.410742 0.064453 0.130859
6 0.526172 0.411719 0.058594 0.132812
6 0.641992 0.409766 0.052734 0.128906
6 0.757617 0.410742 0.052734 0.130859
6 0.863086 0.411621 0.060547 0.120117
6 0.868945 0.585449 0.056641 0.124023
6 0.761523 0.585449 0.044922 0.124023
6 0.640430 0.581250 0.052734 0.125000
6 0.538672 0.578125 0.058594 0.125000
6 0.413477 0.580176 0.064453 0.125977
6 0.293945 0.579590 0.072266 0.127930
6 0.166016 0.587402 0.066406 0.127930
6 0.945312 0.752148 0.078125 0.138672
6 0.811523 0.760840 0.076172 0.143555
6 0.692383 0.762207 0.072266 0.133789
6 0.573535 0.761035 0.075195 0.137695
6 0.443164 0.757910 0.080078 0.137695
6 0.318652 0.757910 0.065430 0.137695
6 0.191016 0.761035 0.082031 0.153320
6 0.058203 0.767090 0.082031 0.143555
