6 0.228906 0.275781 0.148438 0.335938
6 0.489844 0.332422 0.179688 0.355469
6 0.627930 0.361328 0.208984 0.363281
6 0.426367 0.653906 0.115234 0.195312
6 0.604102 0.741016 0.126953 0.238281
6 0.358398 0.301367 0.154297 0.349609
6 0.756641 0.358398 0.160156 0.310547
6 0.871680 0.390820 0.208984 0.322266
6 0.513672 0.679492 0.121094 0.177734
6 0.237109 0.630273 0.121094 0.232422
6 0.330859 0.655664 0.121094 0.236328
6 0.698633 0.778125 0.150391 0.250000
6 0.813477 0.821289 0.173828 0.251953
6 0.913477 0.855078 0.173828 0.253906
6 0.129492 0.252539 0.099609 0.314453
