6 0.238770 0.095703 0.133789 0.050781
6 0.238281 0.191406 0.132812 0.054688
6 0.232031 0.298633 0.132812 0.056641
6 0.234570 0.407227 0.134766 0.048828
6 0.234570 0.530078 0.150391 0.066406
6 0.235547 0.645117 0.152344 0.068359
6 0.237305 0.777148 0.146484 0.076172
6 0.241406 0.893164 0.148438 0.080078
6 0.420898 0.821875 0.123047 0.078125
6 0.417969 0.701562 0.132812 0.062500
6 0.410742 0.586914 0.130859 0.064453
6 0.411719 0.474609 0.132812 0.058594
6 0.409766 0.359180 0.128906 0.052734
6 0.410742 0.243555 0.130859 0.052734
6 0.411621 0.138086 0.120117 0.060547
6 0.585449 0.131445 0.124023 0.056641
6 0.585449 0.239648 0.124023 0.044922
6 0.581250 0.360742 0.125000 0.052734
6 0.578125 0.460547 0.125000 0.058594
6 0.580176 0.586914 0.125977 0.064453
6 0.579590 0.706445 0.127930 0.072266
6 0.587402 0.834766 0.127930 0.066406
6 0.752148 0.054688 0.138672 0.078125
6 0.760840 0.188086 0.143555 0.076172
6 0.762207 0.308008 0.133789 0.072266
6 0.761035 0.426660 0.137695 0.075195
6 0.757910 0.557227 0.137695 0.080078
6 0.757910 0.682715 0.137695 0.065430
6 0.761035 0.808203 0.153320 0.082031
6 0.767090 0.941016 0.143555 0.082031
