0 0.846094 0.744531 0.132812 0.335938
0 0.712500 0.744922 0.140625 0.339844
0 0.582617 0.733398 0.130859 0.357422
0 0.448633 0.727344 0.134766 0.367188
0 0.318750 0.728125 0.140625 0.359375
0 0.185352 0.711523 0.158203 0.341797
0 0.064453 0.711523 0.128906 0.341797
0 0.886328 0.218750 0.128906 0.312500
0 0.771289 0.217188 0.126953 0.312500
0 0.648047 0.237109 0.121094 0.308594
0 0.519531 0.253711 0.117188 0.294922
0 0.418359 0.216602 0.121094 0.314453
0 0.297852 0.207031 0.126953 0.320312
0 0.172461 0.210352 0.138672 0.314453
0 0.062500 0.211523 0.125000 0.326172
