4 0.839844 0.824121 0.320312 0.338867
4 0.839844 0.587891 0.320312 0.175781
4 0.763672 0.645898 0.199219 0.107422
4 0.766406 0.842578 0.210938 0.082031
4 0.357812 0.147559 0.281250 0.291992
4 0.135742 0.146582 0.208984 0.290039
4 0.037695 0.128027 0.072266 0.252930
4 0.435937 0.212305 0.093750 0.193359
4 0.204102 0.215234 0.126953 0.183594
4 0.833398 0.426855 0.263672 0.147461
4 0.929688 0.360059 0.140625 0.276367
4 0.682617 0.323535 0.365234 0.278320
4 0.587500 0.444727 0.156250 0.111328
4 0.707422 0.463184 0.121094 0.073242
4 0.941406 0.130762 0.117188 0.202148
4 0.761523 0.133594 0.294922 0.257812
4 0.909570 0.039062 0.181641 0.078125
4 0.568945 0.140918 0.134766 0.209961
4 0.653906 0.218750 0.101562 0.140625
4 0.119238 0.904590 0.157227 0.143555
4 0.140234 0.967090 0.136719 0.065430
4 0.338281 0.824121 0.320312 0.276367
4 0.292285 0.944727 0.153320 0.111328
4 0.406836 0.613867 0.185547 0.224609
4 0.340820 0.717773 0.134766 0.138672
4 0.242578 0.640918 0.191406 0.209961
4 0.118164 0.604590 0.236328 0.206055
4 0.137305 0.748145 0.224609 0.243164
4 0.067383 0.964844 0.134766 0.070312
4 0.038086 0.885645 0.076172 0.211914
4 0.452539 0.936328 0.095703 0.128906
4 0.411133 0.964258 0.119141 0.072266
4 0.276953 0.536133 0.144531 0.072266
4 0.038086 0.706641 0.076172 0.160156
