6 0.540918 0.072266 0.397461 0.144531
6 0.541992 0.211719 0.396484 0.195312
6 0.538477 0.383789 0.392578 0.173828
6 0.538379 0.571094 0.395508 0.179688
6 0.534473 0.744922 0.403320 0.199219
6 0.531250 0.902930 0.406250 0.193359
6 0.169043 0.916797 0.084961 0.167969
6 0.170410 0.554102 0.090820 0.205078
6 0.164160 0.341797 0.075195 0.214844
6 0.273730 0.078125 0.131836 0.156250
6 0.273047 0.229492 0.136719 0.162109
6 0.266211 0.390625 0.154297 0.156250
6 0.282129 0.548242 0.129883 0.146484
6 0.277734 0.706152 0.121094 0.159180
6 0.268457 0.868945 0.118164 0.166016
