6 0.029297 0.276172 0.058594 0.292969
6 0.115625 0.274023 0.125000 0.294922
6 0.243164 0.274023 0.142578 0.294922
6 0.377734 0.273438 0.121094 0.296875
6 0.496484 0.272852 0.121094 0.298828
6 0.615234 0.273438 0.121094 0.296875
6 0.734961 0.272852 0.123047 0.298828
6 0.864844 0.277344 0.132812 0.289062
6 0.967578 0.276367 0.066406 0.287109
6 0.079687 0.800586 0.125000 0.216797
6 0.193164 0.802148 0.126953 0.216797
6 0.310937 0.804297 0.125000 0.214844
6 0.432227 0.806250 0.126953 0.218750
6 0.595313 0.806641 0.125000 0.222656
6 0.717773 0.810937 0.123047 0.218750
6 0.837891 0.813086 0.128906 0.216797
6 0.945898 0.814063 0.107422 0.218750
6 0.968164 0.592773 0.064453 0.201172
