5 0.265234 0.769531 0.246094 0.367188
5 0.483008 0.650977 0.181641 0.361328
5 0.642578 0.545312 0.144531 0.359375
5 0.784180 0.473047 0.193359 0.339844
5 0.898438 0.410156 0.203125 0.320312
5 0.171680 0.678125 0.240234 0.375000
5 0.398438 0.671875 0.031250 0.156250
5 0.394922 0.498437 0.183594 0.203125
5 0.577148 0.484961 0.154297 0.341797
5 0.717773 0.363281 0.138672 0.242188
5 0.847070 0.266992 0.150391 0.162109
5 0.129688 0.496094 0.218750 0.179688
5 0.328516 0.475586 0.191406 0.279297
5 0.497656 0.390234 0.148438 0.261719
5 0.644531 0.336523 0.132812 0.294922
5 0.769141 0.236328 0.128906 0.191406
