5 0.883203 0.141602 0.144531 0.283203
5 0.909766 0.410156 0.128906 0.257812
5 0.811523 0.700781 0.263672 0.257812
5 0.753320 0.123047 0.197266 0.246094
5 0.604492 0.077148 0.083984 0.154297
5 0.682617 0.299414 0.240234 0.283203
5 0.711914 0.598633 0.251953 0.259766
5 0.648828 0.410547 0.222656 0.277344
5 0.564453 0.475391 0.222656 0.300781
5 0.422852 0.185352 0.283203 0.126953
5 0.319727 0.061523 0.298828 0.123047
5 0.322266 0.294531 0.332031 0.117188
5 0.288086 0.450195 0.310547 0.212891
5 0.473047 0.598242 0.246094 0.240234
5 0.428711 0.753906 0.201172 0.289062
5 0.306250 0.750977 0.125000 0.283203
5 0.186914 0.801367 0.111328 0.287109
