0 0.070312 0.165625 0.140625 0.312500
0 0.198828 0.175781 0.160156 0.335938
0 0.229883 0.588477 0.134766 0.267578
0 0.119922 0.574805 0.136719 0.255859
0 0.062109 0.864648 0.121094 0.216797
0 0.160547 0.873047 0.105469 0.230469
0 0.259180 0.889453 0.115234 0.222656
0 0.791992 0.143555 0.130859 0.287109
0 0.917969 0.137695 0.148438 0.275391
0 0.769141 0.516406 0.113281 0.242188
0 0.870117 0.524219 0.115234 0.242188
0 0.953125 0.528320 0.093750 0.244141
0 0.893945 0.896875 0.103516 0.203125
0 0.807617 0.889453 0.099609 0.191406
0 0.710938 0.879687 0.093750 0.203125
5 0.339453 0.220312 0.097656 0.234375
5 0.447266 0.216602 0.097656 0.220703
5 0.549219 0.219727 0.101562 0.220703
5 0.655273 0.231445 0.107422 0.244141
5 0.631250 0.603320 0.093750 0.197266
5 0.532031 0.591211 0.085938 0.185547
5 0.443945 0.581836 0.087891 0.185547
5 0.355469 0.577148 0.085938 0.185547
5 0.380859 0.848633 0.074219 0.166016
5 0.470703 0.861328 0.082031 0.160156
5 0.572656 0.874609 0.085938 0.167969
