4 0.307617 0.131836 0.380859 0.263672
4 0.125000 0.062500 0.250000 0.125000
4 0.069336 0.181445 0.138672 0.212891
4 0.252539 0.376758 0.486328 0.244141
4 0.400781 0.256641 0.195312 0.191406
4 0.632812 0.198730 0.265625 0.256836
4 0.774805 0.062012 0.443359 0.124023
4 0.813867 0.178613 0.146484 0.204102
4 0.932422 0.151172 0.136719 0.230469
4 0.878906 0.376758 0.242188 0.244141
4 0.681250 0.377734 0.359375 0.214844
4 0.106445 0.688867 0.212891 0.240234
4 0.063477 0.580078 0.126953 0.160156
4 0.216797 0.768359 0.183594 0.339844
4 0.385547 0.605078 0.183594 0.144531
4 0.370117 0.834766 0.255859 0.332031
4 0.661719 0.575293 0.257812 0.147461
4 0.569336 0.640723 0.138672 0.278320
4 0.816406 0.677734 0.367188 0.277344
4 0.904785 0.556152 0.153320 0.112305
4 0.557617 0.867773 0.115234 0.201172
4 0.737695 0.867969 0.291016 0.257812
4 0.856445 0.781836 0.134766 0.138672
4 0.929102 0.859668 0.142578 0.209961
