5 0.904883 0.726172 0.103516 0.277344
5 0.813281 0.573047 0.242188 0.089844
5 0.805078 0.455859 0.238281 0.152344
5 0.696680 0.320898 0.240234 0.169922
5 0.761133 0.279687 0.259766 0.187500
5 0.493164 0.306250 0.251953 0.125000
5 0.570312 0.426758 0.296875 0.087891
5 0.733984 0.681445 0.277344 0.197266
5 0.722656 0.832422 0.289062 0.152344
5 0.563281 0.650977 0.132812 0.267578
5 0.463477 0.847070 0.283203 0.119141
5 0.334570 0.414062 0.275391 0.203125
5 0.360742 0.553516 0.271484 0.207031
5 0.319922 0.748437 0.292969 0.171875
5 0.250977 0.224023 0.283203 0.107422
5 0.140625 0.435352 0.187500 0.298828
5 0.109766 0.749023 0.113281 0.310547
