6 0.071680 0.179297 0.099609 0.183594
6 0.154688 0.182422 0.093750 0.183594
6 0.235352 0.186523 0.095703 0.185547
6 0.322656 0.188086 0.085938 0.185547
6 0.408594 0.190234 0.085938 0.183594
6 0.498828 0.193945 0.082031 0.181641
6 0.580469 0.197070 0.085938 0.181641
6 0.662500 0.197070 0.093750 0.181641
6 0.759766 0.195312 0.113281 0.187500
6 0.848633 0.195898 0.103516 0.185547
6 0.930664 0.199609 0.111328 0.183594
6 0.029297 0.351367 0.058594 0.162109
6 0.090234 0.353906 0.089844 0.164062
6 0.168945 0.356445 0.087891 0.166016
6 0.250781 0.360742 0.085938 0.162109
6 0.328516 0.363281 0.082031 0.164062
6 0.408203 0.363281 0.082031 0.164062
6 0.493164 0.366992 0.080078 0.162109
6 0.572266 0.368555 0.082031 0.162109
6 0.650781 0.370117 0.085938 0.162109
6 0.735352 0.371094 0.095703 0.164062
6 0.816992 0.372656 0.099609 0.164062
6 0.897070 0.373633 0.103516 0.166016
6 0.964258 0.376367 0.072266 0.162109
6 0.061133 0.589453 0.072266 0.160156
6 0.199609 0.595703 0.074219 0.160156
6 0.269531 0.596094 0.070312 0.164062
6 0.336719 0.599219 0.070312 0.164062
6 0.407031 0.603320 0.070312 0.166016
6 0.476367 0.604883 0.068359 0.166016
6 0.544531 0.605859 0.070312 0.167969
6 0.613281 0.607422 0.070312 0.167969
6 0.683984 0.607422 0.074219 0.167969
6 0.755273 0.608984 0.076172 0.167969
6 0.825977 0.609961 0.080078 0.169922
6 0.900195 0.612891 0.087891 0.175781
6 0.068750 0.745508 0.078125 0.150391
6 0.135547 0.746094 0.074219 0.148438
6 0.202734 0.748633 0.074219 0.150391
6 0.271094 0.751758 0.070312 0.150391
6 0.338867 0.754492 0.068359 0.146484
6 0.406641 0.759570 0.066406 0.150391
6 0.475391 0.761133 0.066406 0.150391
6 0.541992 0.761719 0.068359 0.148438
6 0.607422 0.763281 0.074219 0.148438
6 0.676758 0.766406 0.072266 0.148438
6 0.745898 0.768945 0.076172 0.150391
6 0.814453 0.770508 0.082031 0.150391
6 0.877930 0.767578 0.068359 0.144531
6 0.762500 0.068750 0.100000 0.065625
6 0.950000 0.069531 0.096875 0.064062
6 0.856250 0.065625 0.087500 0.065625
6 0.128906 0.594141 0.070312 0.160156
