2 0.056250 0.261621 0.109375 0.385742
2 0.158594 0.262207 0.101562 0.383789
2 0.258203 0.265430 0.097656 0.380859
2 0.354492 0.266016 0.099609 0.378906
2 0.448633 0.267676 0.103516 0.375977
2 0.613672 0.268555 0.136719 0.412109
2 0.723633 0.269043 0.119141 0.413086
2 0.833398 0.271289 0.107422 0.408203
2 0.944141 0.271289 0.113281 0.408203
2 0.097461 0.745703 0.154297 0.488281
2 0.241016 0.746680 0.144531 0.490234
2 0.389258 0.746191 0.150391 0.489258
2 0.604883 0.756836 0.119141 0.435547
2 0.719727 0.758105 0.111328 0.428711
2 0.829688 0.759766 0.109375 0.425781
2 0.937891 0.760352 0.113281 0.423828
