6 0.832031 0.697266 0.085938 0.160156
6 0.753320 0.700000 0.103516 0.156250
6 0.661914 0.702539 0.095703 0.158203
6 0.575195 0.704688 0.087891 0.156250
6 0.491992 0.706836 0.083984 0.154297
6 0.408594 0.709375 0.085938 0.156250
6 0.324805 0.710938 0.083984 0.156250
6 0.240820 0.714648 0.087891 0.154297
6 0.563477 0.412109 0.080078 0.167969
6 0.641406 0.410938 0.085938 0.171875
6 0.717773 0.406250 0.091797 0.171875
6 0.472266 0.418359 0.082031 0.167969
6 0.397852 0.421484 0.080078 0.167969
6 0.323828 0.426172 0.082031 0.167969
6 0.226367 0.422461 0.099609 0.154297
6 0.157227 0.427734 0.064453 0.152344
6 0.179492 0.161523 0.083984 0.123047
6 0.250977 0.157227 0.080078 0.126953
6 0.324023 0.154102 0.076172 0.126953
6 0.394922 0.149414 0.074219 0.126953
6 0.465820 0.145117 0.072266 0.130859
6 0.537109 0.141406 0.074219 0.132812
6 0.610938 0.134570 0.078125 0.134766
6 0.682227 0.128906 0.080078 0.132812
6 0.754492 0.123047 0.083984 0.136719
6 0.827930 0.118945 0.083984 0.134766
