6 0.303516 0.832031 0.160156 0.085938
6 0.301563 0.753320 0.156250 0.103516
6 0.297852 0.661914 0.158203 0.095703
6 0.295312 0.575195 0.156250 0.087891
6 0.294336 0.491992 0.154297 0.083984
6 0.290625 0.408594 0.156250 0.085938
6 0.289062 0.324805 0.156250 0.083984
6 0.286523 0.240820 0.154297 0.087891
6 0.588672 0.563477 0.167969 0.080078
6 0.590625 0.641406 0.171875 0.085938
6 0.593750 0.717773 0.171875 0.091797
6 0.582422 0.472266 0.167969 0.082031
6 0.577734 0.397852 0.167969 0.080078
6 0.574609 0.323828 0.167969 0.082031
6 0.577148 0.226367 0.154297 0.099609
6 0.573047 0.157227 0.152344 0.064453
6 0.839648 0.179492 0.123047 0.083984
6 0.843164 0.250977 0.126953 0.080078
6 0.846289 0.324023 0.126953 0.076172
6 0.850977 0.394922 0.126953 0.074219
6 0.854492 0.465820 0.130859 0.072266
6 0.860156 0.537109 0.132812 0.074219
6 0.865820 0.610938 0.134766 0.078125
6 0.871094 0.682227 0.132812 0.080078
6 0.877734 0.754492 0.136719 0.083984
6 0.881445 0.827930 0.134766 0.083984
