5 0.510742 0.849219 0.193359 0.257812
5 0.703906 0.720313 0.210938 0.171875
5 0.853125 0.488086 0.140625 0.201172
5 0.673633 0.607422 0.197266 0.183594
5 0.526172 0.600391 0.199219 0.160156
5 0.390234 0.709961 0.214844 0.232422
5 0.278320 0.603125 0.103516 0.234375
5 0.378906 0.560937 0.117188 0.203125
5 0.411523 0.436914 0.138672 0.189453
5 0.535547 0.446680 0.105469 0.193359
5 0.671875 0.388477 0.203125 0.126953
5 0.529297 0.306641 0.230469 0.128906
5 0.168555 0.550391 0.146484 0.191406
5 0.134570 0.438477 0.197266 0.173828
5 0.290625 0.348633 0.109375 0.197266
5 0.462305 0.212500 0.193359 0.125000
5 0.368555 0.151953 0.177734 0.207031
5 0.221484 0.233789 0.167969 0.220703
