1 0.048828 0.135352 0.097656 0.251953
1 0.110156 0.133398 0.132812 0.248047
1 0.258398 0.129883 0.185547 0.259766
1 0.409180 0.133789 0.099609 0.267578
1 0.510156 0.135742 0.117188 0.271484
1 0.633203 0.134766 0.128906 0.269531
1 0.756250 0.132812 0.125000 0.265625
1 0.898438 0.135742 0.203125 0.271484
0 0.911133 0.571680 0.134766 0.302734
0 0.789648 0.575195 0.138672 0.306641
0 0.667773 0.564453 0.123047 0.300781
0 0.561914 0.577148 0.095703 0.279297
0 0.466602 0.575586 0.095703 0.279297
0 0.370117 0.578125 0.099609 0.281250
0 0.282227 0.605469 0.080078 0.226562
0 0.209766 0.606445 0.082031 0.228516
0 0.132422 0.609961 0.089844 0.232422
0 0.058594 0.605469 0.085938 0.226562
