2 0.349023 0.835352 0.091797 0.330078
2 0.266992 0.838281 0.083984 0.320312
2 0.205078 0.836914 0.066406 0.298828
2 0.147070 0.841211 0.072266 0.279297
2 0.103516 0.836719 0.066406 0.257812
2 0.746094 0.884375 0.476562 0.140625
2 0.770117 0.768945 0.427734 0.119141
2 0.749609 0.495703 0.480469 0.128906
2 0.251855 0.495508 0.444336 0.291016
2 0.261621 0.225977 0.463867 0.126953
2 0.257910 0.099023 0.465820 0.123047
2 0.250391 0.041797 0.394531 0.074219
2 0.253711 0.291016 0.388672 0.066406
2 0.616797 0.209570 0.074219 0.244141
2 0.561133 0.225586 0.056641 0.201172
2 0.773438 0.203906 0.281250 0.132812
2 0.770801 0.121484 0.266602 0.152344
2 0.753223 0.062500 0.215820 0.125000
2 0.802832 0.263086 0.305664 0.138672
