2 0.230859 0.119238 0.136719 0.204102
2 0.351172 0.104590 0.121094 0.190430
2 0.476562 0.088379 0.109375 0.176758
2 0.590430 0.098730 0.115234 0.194336
2 0.708984 0.100098 0.121094 0.200195
2 0.712891 0.216211 0.128906 0.201172
2 0.596680 0.216406 0.115234 0.210938
2 0.473242 0.218262 0.115234 0.202148
2 0.361133 0.236816 0.119141 0.192383
2 0.247461 0.248535 0.138672 0.168945
2 0.275781 0.380469 0.132812 0.164062
2 0.397461 0.374316 0.123047 0.176758
2 0.516992 0.371973 0.115234 0.168945
2 0.633789 0.373340 0.126953 0.190430
2 0.753516 0.367285 0.144531 0.184570
2 0.766602 0.499121 0.158203 0.166992
2 0.644531 0.495410 0.132812 0.153320
2 0.525781 0.491699 0.117188 0.155273
2 0.395898 0.502051 0.138672 0.188477
2 0.278711 0.521289 0.154297 0.173828
2 0.266016 0.657227 0.160156 0.142578
2 0.388477 0.632715 0.126953 0.143555
2 0.513281 0.636816 0.117188 0.145508
2 0.632422 0.627930 0.136719 0.146484
2 0.761523 0.636230 0.185547 0.163086
2 0.799219 0.743945 0.132812 0.134766
2 0.661719 0.763574 0.148438 0.124023
2 0.523438 0.766016 0.125000 0.128906
2 0.385742 0.768066 0.130859 0.129883
2 0.255273 0.791992 0.154297 0.130859
2 0.271875 0.929102 0.156250 0.142578
2 0.415820 0.901660 0.134766 0.137695
2 0.550391 0.905176 0.128906 0.141602
2 0.675391 0.896582 0.144531 0.133789
2 0.808984 0.904199 0.152344 0.139648
