1 0.832422 0.906641 0.136719 0.128906
1 0.729492 0.913867 0.130859 0.146484
1 0.630273 0.900977 0.123047 0.126953
1 0.519141 0.902734 0.113281 0.136719
1 0.399219 0.891406 0.101562 0.117188
1 0.196289 0.897461 0.126953 0.138672
1 0.116602 0.887109 0.095703 0.121094
1 0.036133 0.887305 0.072266 0.130859
1 0.945898 0.389453 0.107422 0.191406
1 0.812500 0.393555 0.125000 0.193359
1 0.691797 0.399023 0.121094 0.185547
1 0.603906 0.395508 0.132812 0.181641
1 0.474609 0.394531 0.121094 0.179688
1 0.377344 0.394922 0.101562 0.183594
1 0.270508 0.393945 0.119141 0.181641
1 0.401172 0.166797 0.105469 0.152344
1 0.282031 0.155859 0.117188 0.167969
1 0.200586 0.161133 0.107422 0.166016
1 0.029297 0.325586 0.058594 0.029297
1 0.060547 0.100391 0.121094 0.160156
1 0.161133 0.656641 0.119141 0.191406
1 0.269336 0.657617 0.123047 0.193359
1 0.378320 0.658594 0.134766 0.195312
1 0.503711 0.658594 0.138672 0.195312
1 0.639453 0.661133 0.144531 0.197266
1 0.487109 0.159961 0.105469 0.169922
