2 0.838867 0.748047 0.115234 0.324219
2 0.730469 0.745898 0.117188 0.326172
2 0.626953 0.905664 0.003906 0.001953
2 0.618945 0.741797 0.103516 0.324219
2 0.510156 0.740625 0.101562 0.328125
2 0.408203 0.748437 0.097656 0.343750
2 0.304102 0.745703 0.111328 0.347656
2 0.072852 0.742188 0.126953 0.343750
2 0.847266 0.354102 0.113281 0.283203
2 0.751953 0.354492 0.097656 0.287109
2 0.659961 0.349414 0.091797 0.283203
2 0.564063 0.347266 0.093750 0.285156
2 0.468164 0.345117 0.095703 0.287109
2 0.264648 0.345703 0.107422 0.300781
2 0.813086 0.077148 0.107422 0.154297
2 0.709570 0.075195 0.103516 0.150391
2 0.607422 0.074219 0.105469 0.148438
2 0.501758 0.071289 0.103516 0.142578
2 0.395898 0.070312 0.107422 0.140625
2 0.286914 0.069336 0.111328 0.138672
2 0.365820 0.341406 0.103516 0.289062
2 0.062500 0.350977 0.125000 0.314453
2 0.162109 0.350977 0.121094 0.314453
