6 0.773047 0.427148 0.183594 0.294922
6 0.633789 0.413867 0.158203 0.271484
6 0.510742 0.386523 0.146484 0.279297
6 0.396289 0.366211 0.142578 0.279297
6 0.275977 0.352148 0.158203 0.263672
6 0.074219 0.314844 0.148438 0.257812
6 0.671484 0.799609 0.105469 0.136719
6 0.620508 0.726562 0.103516 0.125000
6 0.533789 0.710742 0.095703 0.130859
6 0.439258 0.740039 0.103516 0.126953
6 0.352930 0.716211 0.099609 0.123047
6 0.264258 0.697656 0.103516 0.117188
6 0.213867 0.616211 0.099609 0.123047
6 0.116992 0.628320 0.115234 0.103516
6 0.038086 0.620117 0.076172 0.115234
6 0.167383 0.337305 0.181641 0.255859
