5 0.558691 0.121094 0.098633 0.242188
5 0.534961 0.304492 0.138672 0.162109
5 0.375977 0.385156 0.189453 0.351562
5 0.508203 0.491016 0.160156 0.300781
5 0.477148 0.747070 0.232422 0.150391
5 0.577734 0.829492 0.058594 0.302734
5 0.589453 0.569336 0.097656 0.248047
5 0.647852 0.401953 0.095703 0.285156
5 0.680664 0.193750 0.080078 0.265625
5 0.725391 0.378711 0.082031 0.091797
5 0.652930 0.603320 0.099609 0.228516
5 0.681641 0.636133 0.097656 0.212891
5 0.679980 0.899219 0.147461 0.132812
5 0.760156 0.786133 0.132812 0.103516
5 0.733008 0.223047 0.056641 0.214844
5 0.780664 0.228906 0.064453 0.195312
5 0.802148 0.361328 0.060547 0.191406
5 0.787500 0.526367 0.062500 0.193359
5 0.829883 0.596680 0.056641 0.177734
5 0.752539 0.616211 0.064453 0.201172
