5 0.557031 0.493164 0.117188 0.314453
5 0.451562 0.534180 0.093750 0.271484
5 0.223047 0.508203 0.121094 0.347656
5 0.801562 0.478516 0.109375 0.316406
5 0.916797 0.474609 0.105469 0.308594
5 0.048828 0.541016 0.097656 0.253906
1 0.230078 0.117188 0.191406 0.234375
1 0.403125 0.118164 0.156250 0.236328
1 0.563281 0.118164 0.179688 0.236328
1 0.747461 0.177734 0.201172 0.121094
1 0.845313 0.169336 0.218750 0.138672
1 0.854102 0.861133 0.189453 0.275391
1 0.686523 0.867773 0.185547 0.263672
1 0.513086 0.875000 0.216797 0.250000
5 0.165820 0.505664 0.087891 0.298828
5 0.689258 0.506445 0.119141 0.275391
5 0.342773 0.496680 0.123047 0.349609
