0 0.784961 0.895215 0.107422 0.112305
0 0.694141 0.897461 0.097656 0.107422
0 0.605273 0.896191 0.091797 0.114258
0 0.516406 0.888965 0.085938 0.112305
0 0.427148 0.905371 0.091797 0.104492
0 0.339453 0.893457 0.097656 0.118164
0 0.249023 0.887988 0.107422 0.125977
0 0.159570 0.897363 0.103516 0.110352
0 0.156836 0.807520 0.107422 0.102539
0 0.249023 0.799512 0.107422 0.108398
0 0.339453 0.802832 0.097656 0.118164
0 0.429688 0.804980 0.093750 0.116211
0 0.519922 0.798926 0.089844 0.110352
0 0.607812 0.810547 0.093750 0.105469
0 0.692969 0.801660 0.101562 0.106445
0 0.784961 0.800684 0.107422 0.104492
0 0.860938 0.797266 0.078125 0.097656
0 0.859375 0.708789 0.078125 0.095703
0 0.780273 0.710645 0.107422 0.102539
0 0.863086 0.887695 0.076172 0.103516
0 0.689258 0.712012 0.103516 0.108398
0 0.596289 0.709863 0.095703 0.110352
0 0.505859 0.707910 0.089844 0.106445
0 0.417578 0.724316 0.097656 0.098633
0 0.327734 0.714551 0.105469 0.110352
0 0.235742 0.711621 0.115234 0.104492
0 0.150391 0.720605 0.097656 0.100586
0 0.152734 0.631445 0.105469 0.103516
0 0.242188 0.622070 0.109375 0.103516
0 0.333008 0.625684 0.103516 0.104492
0 0.422852 0.627637 0.095703 0.108398
0 0.510547 0.620215 0.089844 0.096680
0 0.600977 0.623730 0.095703 0.100586
0 0.690234 0.617480 0.105469 0.100586
0 0.782227 0.620020 0.111328 0.102539
0 0.860352 0.619238 0.080078 0.094727
0 0.863672 0.529395 0.074219 0.086914
0 0.784961 0.530176 0.107422 0.094727
0 0.686914 0.525977 0.111328 0.095703
0 0.596289 0.534863 0.095703 0.094727
0 0.506836 0.532910 0.091797 0.090820
0 0.419336 0.542676 0.091797 0.094727
0 0.332813 0.538477 0.109375 0.095703
0 0.240039 0.532813 0.111328 0.093750
0 0.148828 0.543262 0.097656 0.092773
0 0.151270 0.455762 0.102539 0.092773
0 0.231250 0.441309 0.109375 0.088867
0 0.329102 0.450098 0.111328 0.090820
0 0.418555 0.455371 0.099609 0.088867
0 0.511523 0.440723 0.091797 0.090820
0 0.602539 0.443359 0.095703 0.089844
0 0.693359 0.433984 0.105469 0.089844
0 0.788477 0.436523 0.111328 0.091797
0 0.864258 0.438184 0.072266 0.088867
0 0.863672 0.344043 0.074219 0.100586
0 0.786719 0.345117 0.117188 0.099609
0 0.691211 0.342383 0.107422 0.103516
0 0.600977 0.350391 0.095703 0.097656
0 0.500000 0.343359 0.093750 0.105469
0 0.408008 0.362891 0.103516 0.097656
0 0.314453 0.356055 0.113281 0.099609
0 0.216797 0.350391 0.105469 0.097656
0 0.146875 0.356543 0.093750 0.100586
0 0.139063 0.260547 0.078125 0.105469
0 0.217383 0.259570 0.119141 0.103516
0 0.312109 0.258398 0.121094 0.123047
0 0.406250 0.263672 0.109375 0.121094
0 0.500391 0.245117 0.097656 0.115234
0 0.599219 0.258691 0.101562 0.114258
0 0.693164 0.249805 0.111328 0.115234
0 0.788867 0.250586 0.115234 0.107422
0 0.864258 0.247363 0.072266 0.110352
0 0.857031 0.149219 0.085938 0.117188
0 0.779687 0.150293 0.109375 0.116211
0 0.683008 0.152148 0.103516 0.123047
0 0.588477 0.162988 0.095703 0.125977
0 0.493750 0.144141 0.093750 0.113281
0 0.397461 0.159473 0.107422 0.122070
0 0.302148 0.154199 0.107422 0.124023
0 0.207031 0.159180 0.117188 0.115234
0 0.202734 0.060547 0.121094 0.121094
0 0.307031 0.055664 0.117188 0.111328
0 0.408594 0.070312 0.101562 0.140625
0 0.501563 0.052832 0.093750 0.102539
0 0.595117 0.057129 0.099609 0.114258
0 0.690234 0.054297 0.105469 0.105469
0 0.786133 0.055664 0.119141 0.111328
0 0.863086 0.055762 0.076172 0.108398
0 0.864258 0.962598 0.072266 0.075195
0 0.787695 0.963184 0.103516 0.073242
0 0.698242 0.963770 0.099609 0.071289
0 0.612109 0.968750 0.089844 0.062500
0 0.522070 0.963184 0.087891 0.073242
0 0.435547 0.962598 0.089844 0.075195
0 0.348047 0.962012 0.089844 0.077148
0 0.259766 0.959277 0.097656 0.081055
0 0.171777 0.967676 0.096680 0.063477
