0 0.850000 0.558594 0.300000 0.192188
0 0.845313 0.203125 0.309375 0.218750
0 0.841406 0.739844 0.317188 0.170313
0 0.848437 0.063281 0.303125 0.123438
0 0.835156 0.439844 0.157812 0.060937
0 0.833594 0.384375 0.160938 0.053125
0 0.832031 0.331250 0.160938 0.059375
0 0.853906 0.912500 0.292187 0.168750
0 0.507812 0.898438 0.134375 0.053125
0 0.501563 0.848437 0.125000 0.053125
0 0.512500 0.796094 0.134375 0.054688
0 0.509375 0.742188 0.134375 0.056250
0 0.506250 0.676562 0.131250 0.062500
0 0.507031 0.527344 0.129688 0.054688
0 0.503906 0.470313 0.117188 0.059375
0 0.502344 0.422656 0.120313 0.051562
0 0.499219 0.375000 0.132812 0.053125
0 0.503906 0.318750 0.120313 0.056250
0 0.497656 0.265625 0.142187 0.062500
0 0.493750 0.207031 0.131250 0.064062
0 0.496875 0.153125 0.128125 0.059375
0 0.501563 0.107031 0.128125 0.048438
0 0.502344 0.055469 0.117188 0.057813
0 0.199219 0.049219 0.235937 0.095312
0 0.205469 0.140625 0.235937 0.115625
0 0.211719 0.242969 0.239063 0.107813
0 0.207031 0.342969 0.242188 0.101562
0 0.207813 0.446875 0.240625 0.109375
0 0.205469 0.549219 0.239063 0.107813
0 0.203906 0.658594 0.235937 0.101562
0 0.208594 0.944531 0.248438 0.110937
