3 0.820703 0.167578 0.222656 0.316406
3 0.825586 0.494727 0.232422 0.314453
3 0.826074 0.829102 0.264648 0.314453
3 0.494824 0.166992 0.155273 0.318359
3 0.402246 0.429102 0.104492 0.173828
3 0.526074 0.562500 0.249023 0.187500
3 0.598047 0.762500 0.105469 0.171875
3 0.473926 0.896875 0.250977 0.187500
3 0.170898 0.165430 0.248047 0.302734
3 0.162109 0.449609 0.167969 0.214844
3 0.163477 0.571875 0.158203 0.171875
3 0.097363 0.726562 0.141602 0.109375
3 0.108496 0.826562 0.166992 0.109375
3 0.120801 0.931641 0.204102 0.113281
