5 0.702148 0.306055 0.123047 0.162109
5 0.721484 0.570703 0.042969 0.191406
5 0.693262 0.449805 0.045898 0.193359
5 0.632812 0.396094 0.078125 0.226562
5 0.604492 0.320117 0.099609 0.240234
5 0.509375 0.194141 0.203125 0.222656
5 0.480469 0.277344 0.195312 0.179688
5 0.650391 0.617773 0.050781 0.216797
5 0.612891 0.659180 0.050781 0.224609
5 0.515039 0.443164 0.111328 0.205078
5 0.445312 0.429492 0.109375 0.255859
5 0.559961 0.689453 0.123047 0.253906
5 0.508203 0.638477 0.082031 0.267578
5 0.419922 0.543555 0.167969 0.255859
5 0.381641 0.698047 0.175781 0.199219
5 0.370117 0.875977 0.271484 0.158203
