0 0.097656 0.240039 0.164062 0.392578
0 0.259375 0.232422 0.125000 0.324219
0 0.422461 0.240723 0.154297 0.340820
0 0.604102 0.193945 0.173828 0.244141
0 0.731250 0.150977 0.125000 0.205078
0 0.885547 0.143457 0.152344 0.211914
0 0.105273 0.706445 0.185547 0.275391
0 0.250781 0.683887 0.117188 0.233398
0 0.412891 0.673242 0.144531 0.240234
0 0.592187 0.696680 0.171875 0.287109
0 0.744727 0.677539 0.126953 0.236328
0 0.897461 0.693164 0.169922 0.236328
0 0.305664 0.879492 0.314453 0.130859
0 0.777930 0.886719 0.333984 0.117188
