0 0.674414 0.102930 0.283203 0.115234
0 0.674414 0.033203 0.283203 0.066406
0 0.678125 0.201758 0.281250 0.103516
0 0.678516 0.297656 0.285156 0.101562
0 0.676367 0.391992 0.287109 0.099609
0 0.750977 0.503711 0.408203 0.123047
0 0.748828 0.632227 0.425781 0.126953
0 0.746094 0.767578 0.429688 0.144531
0 0.670312 0.891602 0.281250 0.126953
0 0.670898 0.968164 0.279297 0.064453
0 0.229297 0.098633 0.371094 0.181641
0 0.227344 0.244727 0.351562 0.158203
0 0.207031 0.394531 0.367188 0.164062
0 0.204883 0.555273 0.369141 0.154297
0 0.202148 0.718359 0.373047 0.167969
0 0.194922 0.888086 0.371094 0.185547
