6 0.101562 0.210938 0.187500 0.421875
6 0.267188 0.210938 0.187500 0.421875
6 0.447070 0.208984 0.181641 0.417969
6 0.630859 0.207031 0.183594 0.414062
6 0.808008 0.206055 0.197266 0.412109
6 0.299609 0.610352 0.167969 0.376953
6 0.463477 0.608203 0.158203 0.378906
6 0.628711 0.610156 0.169922 0.382812
6 0.792969 0.612109 0.179688 0.386719
6 0.136719 0.611914 0.179688 0.376953
6 0.941992 0.208984 0.115234 0.417969
6 0.925195 0.905078 0.150391 0.191406
6 0.776367 0.901758 0.162109 0.197266
6 0.621875 0.899023 0.156250 0.201172
6 0.461523 0.901172 0.154297 0.199219
6 0.306055 0.901758 0.162109 0.197266
6 0.152930 0.901758 0.162109 0.197266
