5 0.169922 0.791406 0.339844 0.210938
5 0.488086 0.843750 0.326172 0.203125
5 0.889648 0.788086 0.216797 0.341797
5 0.553711 0.725586 0.294922 0.169922
5 0.246094 0.655273 0.273438 0.138672
5 0.216211 0.553711 0.326172 0.123047
5 0.454102 0.566016 0.173828 0.269531
5 0.713281 0.597070 0.351562 0.150391
5 0.793555 0.512695 0.287109 0.166016
5 0.578516 0.460547 0.207031 0.230469
5 0.227539 0.408203 0.251953 0.191406
5 0.216602 0.318750 0.173828 0.140625
5 0.292969 0.212500 0.210938 0.078125
5 0.335547 0.408008 0.214844 0.181641
5 0.498828 0.388477 0.175781 0.173828
5 0.471680 0.250391 0.208984 0.175781
5 0.718555 0.356836 0.287109 0.154297
5 0.713477 0.258594 0.220703 0.148438
5 0.500781 0.146094 0.226562 0.101562
5 0.677734 0.170313 0.246094 0.093750
