6 0.894336 0.276953 0.138672 0.332031
6 0.770508 0.258594 0.119141 0.367188
6 0.651953 0.260742 0.113281 0.365234
6 0.542578 0.288672 0.113281 0.308594
6 0.424219 0.288086 0.117188 0.310547
6 0.306445 0.288672 0.119141 0.308594
6 0.182617 0.283594 0.130859 0.320312
6 0.120703 0.592187 0.082031 0.171875
6 0.203516 0.591211 0.082031 0.169922
6 0.284766 0.591211 0.082031 0.169922
6 0.282617 0.766211 0.083984 0.185547
6 0.200977 0.769922 0.080078 0.183594
6 0.120703 0.770898 0.082031 0.185547
6 0.396484 0.675195 0.121094 0.369141
6 0.517969 0.681055 0.117188 0.349609
6 0.636133 0.676562 0.119141 0.343750
6 0.750781 0.676562 0.117188 0.343750
6 0.870703 0.676562 0.128906 0.343750
6 0.047852 0.280859 0.095703 0.324219
