4 0.368164 0.499805 0.736328 0.662109
2 0.606445 0.587012 0.150391 0.311523
2 0.435937 0.717090 0.359375 0.143555
2 0.328125 0.486816 0.187500 0.176758
2 0.147070 0.509473 0.087891 0.153320
2 0.483203 0.440039 0.191406 0.189453
2 0.510547 0.583301 0.089844 0.250977
2 0.224609 0.523633 0.105469 0.103516
2 0.322266 0.650000 0.300781 0.125000
2 0.306738 0.417285 0.297852 0.090820
2 0.361133 0.590039 0.212891 0.126953
2 0.887305 0.784766 0.224609 0.097656
2 0.856543 0.377539 0.288086 0.142578
2 0.769336 0.213574 0.185547 0.092773
2 0.835742 0.523242 0.193359 0.099609
