5 0.224609 0.792969 0.167969 0.351562
5 0.398438 0.803320 0.156250 0.337891
5 0.632617 0.788086 0.130859 0.357422
5 0.853125 0.810547 0.187500 0.339844
5 0.787109 0.662695 0.167969 0.369141
5 0.899805 0.530273 0.162109 0.232422
5 0.658594 0.541797 0.148438 0.246094
5 0.522852 0.660547 0.142578 0.371094
5 0.345117 0.661133 0.146484 0.353516
5 0.243164 0.615039 0.189453 0.376953
5 0.153906 0.577734 0.164062 0.230469
5 0.117969 0.412891 0.117188 0.191406
5 0.201758 0.357031 0.181641 0.148438
5 0.333008 0.400195 0.119141 0.181641
5 0.544531 0.414844 0.148438 0.164062
5 0.435937 0.606836 0.140625 0.388672
5 0.882617 0.268555 0.162109 0.302734
5 0.206641 0.225195 0.160156 0.166016
5 0.331445 0.249023 0.150391 0.185547
5 0.440820 0.194922 0.119141 0.167969
5 0.549805 0.242969 0.099609 0.179688
5 0.652148 0.197656 0.154297 0.164062
5 0.784766 0.239844 0.144531 0.179688
5 0.785937 0.405859 0.156250 0.167969
5 0.670508 0.354102 0.150391 0.173828
