0 0.607812 0.411621 0.078125 0.166992
0 0.652344 0.402637 0.070312 0.155273
0 0.204702 0.707089 0.175030 0.232928
0 0.309288 0.677877 0.140450 0.205753
0 0.389907 0.640989 0.129814 0.200728
0 0.474183 0.616054 0.117116 0.182108
0 0.538827 0.593017 0.102653 0.167284
0 0.599538 0.572301 0.095950 0.160227
0 0.648380 0.557430 0.081134 0.146109
0 0.692785 0.541198 0.076195 0.135522
0 0.311874 0.825151 0.142498 0.097177
0 0.399914 0.808094 0.124828 0.134937
0 0.475434 0.787263 0.103994 0.174527
0 0.532477 0.751513 0.105578 0.162402
0 0.589809 0.726404 0.092117 0.146558
0 0.640242 0.697456 0.083609 0.135538
0 0.693202 0.675414 0.073905 0.135203
0 0.175391 0.241699 0.175781 0.233398
0 0.304297 0.238770 0.121094 0.227539
0 0.398047 0.235840 0.105469 0.206055
0 0.478516 0.236816 0.097656 0.192383
0 0.192773 0.477441 0.169922 0.239258
0 0.312891 0.463965 0.128906 0.221680
0 0.401172 0.437402 0.121094 0.206055
0 0.484180 0.429199 0.099609 0.186523
0 0.552148 0.417871 0.091797 0.182617
0 0.696680 0.394629 0.068359 0.145508
