4 0.696289 0.223633 0.392578 0.447266
2 0.162109 0.164844 0.324219 0.179688
2 0.319727 0.063477 0.173828 0.126953
2 0.447070 0.056641 0.119141 0.113281
2 0.566797 0.061523 0.121094 0.123047
2 0.879492 0.103516 0.240234 0.207031
2 0.817383 0.141016 0.212891 0.191406
2 0.905664 0.299805 0.189453 0.130859
2 0.427539 0.217383 0.205078 0.181641
2 0.367188 0.344531 0.281250 0.179688
2 0.150391 0.323633 0.300781 0.134766
2 0.843164 0.567383 0.314453 0.166016
2 0.430469 0.673438 0.351562 0.140625
2 0.127930 0.747070 0.255859 0.197266
2 0.316211 0.905078 0.357422 0.191406
2 0.658008 0.758594 0.603516 0.273438
2 0.595117 0.480273 0.271484 0.201172
3 0.479492 0.527148 0.349609 0.248047
2 0.041016 0.493555 0.082031 0.177734
