2 0.957031 0.142969 0.085938 0.279687
2 0.234375 0.570703 0.187500 0.675781
2 0.416016 0.574023 0.175781 0.669922
2 0.587305 0.575781 0.177734 0.664062
2 0.765039 0.579102 0.205078 0.658203
2 0.067383 0.581055 0.134766 0.708984
2 0.952539 0.512305 0.095703 0.427734
2 0.882617 0.507422 0.099609 0.433594
2 0.141602 0.131836 0.142578 0.263672
2 0.040039 0.116211 0.080078 0.232422
2 0.311523 0.125977 0.091797 0.251953
2 0.401953 0.125000 0.097656 0.250000
2 0.496484 0.128906 0.105469 0.257812
2 0.597656 0.123047 0.101562 0.246094
2 0.697266 0.130859 0.113281 0.261719
2 0.803125 0.144531 0.109375 0.289062
2 0.904297 0.152344 0.121094 0.304688
