3 0.263672 0.269336 0.199219 0.435547
3 0.744141 0.765625 0.441406 0.390625
3 0.122852 0.675391 0.189453 0.191406
3 0.156250 0.690430 0.156250 0.208984
3 0.208789 0.705566 0.126953 0.223633
3 0.253320 0.725391 0.103516 0.238281
3 0.300781 0.751367 0.085938 0.255859
3 0.341406 0.783984 0.085938 0.292969
3 0.609766 0.138672 0.191406 0.261719
3 0.648242 0.160254 0.162109 0.286133
3 0.701953 0.182422 0.128906 0.308594
3 0.748047 0.207324 0.105469 0.327148
3 0.798633 0.243945 0.087891 0.353516
3 0.840234 0.288086 0.089844 0.404297
