0 0.045898 0.328711 0.091797 0.263672
0 0.175391 0.328906 0.097656 0.242188
0 0.262695 0.330664 0.103516 0.267578
0 0.407031 0.241797 0.179688 0.449219
0 0.564844 0.314258 0.132812 0.306641
0 0.773047 0.287695 0.136719 0.337891
0 0.924609 0.284570 0.152344 0.337891
0 0.099219 0.762500 0.132812 0.312500
0 0.206055 0.774023 0.130859 0.310547
0 0.322852 0.775195 0.126953 0.322266
0 0.444141 0.782227 0.113281 0.330078
0 0.559570 0.800195 0.119141 0.306641
0 0.678125 0.808984 0.125000 0.308594
0 0.916797 0.792773 0.136719 0.310547
0 0.799219 0.807617 0.132812 0.318359
