5 0.661523 0.112109 0.169922 0.105469
5 0.688281 0.183594 0.164062 0.132812
5 0.665039 0.298828 0.189453 0.128906
5 0.654102 0.427148 0.205078 0.123047
5 0.648242 0.556641 0.208984 0.128906
5 0.648828 0.683398 0.207031 0.138672
5 0.643555 0.821289 0.193359 0.142578
5 0.626758 0.938086 0.228516 0.123047
5 0.432031 0.100195 0.117188 0.087891
5 0.440234 0.182031 0.152344 0.101562
5 0.427344 0.260352 0.148438 0.095703
5 0.433008 0.350586 0.134766 0.091797
5 0.390234 0.549609 0.152344 0.105469
5 0.401172 0.678125 0.136719 0.109375
0 0.130469 0.353516 0.101562 0.082031
0 0.106836 0.408789 0.091797 0.048828
0 0.115625 0.454492 0.093750 0.052734
0 0.103906 0.512109 0.101562 0.074219
0 0.082617 0.590625 0.115234 0.078125
0 0.143164 0.289648 0.095703 0.076172
0 0.152148 0.216797 0.107422 0.105469
