4 0.906543 0.117969 0.163086 0.132812
4 0.906543 0.292969 0.163086 0.101562
4 0.906543 0.482031 0.163086 0.117188
4 0.907031 0.665820 0.164062 0.119141
4 0.906152 0.852734 0.159180 0.152344
4 0.705469 0.118750 0.164062 0.125000
4 0.704980 0.293262 0.163086 0.139648
4 0.705469 0.482422 0.164062 0.105469
4 0.705469 0.665820 0.164062 0.103516
4 0.705469 0.851758 0.164062 0.119141
4 0.501367 0.118359 0.162109 0.121094
4 0.502344 0.291797 0.164062 0.121094
4 0.502930 0.481055 0.162109 0.146484
4 0.502344 0.665625 0.164062 0.125000
4 0.502344 0.852148 0.164062 0.123047
4 0.302344 0.118945 0.164062 0.119141
4 0.304492 0.293945 0.162109 0.103516
4 0.302344 0.481250 0.164062 0.140625
4 0.303418 0.666211 0.163086 0.123047
4 0.303418 0.851758 0.163086 0.134766
4 0.100195 0.118945 0.166016 0.103516
4 0.100293 0.291797 0.163086 0.121094
4 0.099805 0.482227 0.162109 0.111328
4 0.100879 0.665820 0.161133 0.103516
4 0.098340 0.852539 0.143555 0.158203
