2 0.080078 0.219824 0.160156 0.358398
2 0.240234 0.218359 0.152344 0.355469
2 0.396484 0.218555 0.183594 0.349609
2 0.087500 0.469336 0.125000 0.060547
2 0.207422 0.468164 0.121094 0.064453
2 0.327734 0.464355 0.121094 0.069336
2 0.688867 0.252832 0.162109 0.461914
2 0.867578 0.259375 0.175781 0.468750
2 0.250781 0.766016 0.460938 0.316406
2 0.607227 0.680957 0.158203 0.336914
2 0.759180 0.679980 0.146484 0.334961
2 0.907031 0.676855 0.164062 0.334961
2 0.620898 0.928027 0.123047 0.143555
2 0.745508 0.925879 0.119141 0.145508
2 0.872656 0.941992 0.132812 0.115234
