5 0.149023 0.259375 0.091797 0.265625
5 0.240039 0.258789 0.080078 0.267578
5 0.320117 0.259375 0.083984 0.265625
5 0.683008 0.226562 0.087891 0.203125
5 0.780273 0.225977 0.091797 0.205078
5 0.872461 0.226172 0.091797 0.199219
5 0.960938 0.225586 0.078125 0.201172
5 0.552148 0.683594 0.123047 0.351562
5 0.682031 0.665039 0.085938 0.345703
5 0.779102 0.646875 0.111328 0.296875
5 0.872656 0.626563 0.101562 0.265625
5 0.972070 0.693750 0.056641 0.265625
5 0.431445 0.688086 0.103516 0.248047
5 0.339453 0.686133 0.097656 0.259766
5 0.234180 0.704492 0.115234 0.255859
5 0.137109 0.711719 0.121094 0.257812
