5 0.173437 0.922461 0.234375 0.107422
0 0.193750 0.818945 0.234375 0.087891
0 0.198828 0.738672 0.238281 0.074219
0 0.198633 0.671484 0.244141 0.089844
0 0.198633 0.590430 0.244141 0.083984
0 0.198633 0.508789 0.244141 0.080078
0 0.196289 0.422461 0.251953 0.091797
0 0.198828 0.315430 0.238281 0.099609
0 0.194727 0.203516 0.251953 0.097656
0 0.161133 0.075195 0.322266 0.150391
0 0.602148 0.930664 0.279297 0.126953
0 0.595313 0.834961 0.265625 0.107422
0 0.604883 0.737305 0.291016 0.115234
0 0.615234 0.631641 0.292969 0.113281
0 0.618750 0.519336 0.296875 0.107422
0 0.617773 0.410547 0.294922 0.105469
0 0.625977 0.307422 0.298828 0.105469
0 0.625781 0.199805 0.304688 0.115234
0 0.629297 0.083789 0.308594 0.126953
