5 0.589648 0.909570 0.248047 0.181641
5 0.794531 0.771875 0.148438 0.218750
5 0.356055 0.902930 0.240234 0.193359
5 0.455469 0.792383 0.210938 0.244141
5 0.187305 0.786133 0.302734 0.212891
5 0.541016 0.750000 0.207031 0.250000
5 0.600195 0.660937 0.181641 0.296875
5 0.670312 0.453711 0.203125 0.294922
5 0.812891 0.506836 0.113281 0.310547
5 0.523242 0.349609 0.115234 0.324219
5 0.224609 0.626367 0.339844 0.115234
5 0.332031 0.514648 0.289062 0.123047
5 0.235937 0.388086 0.296875 0.169922
5 0.248828 0.279883 0.363281 0.134766
5 0.260742 0.146289 0.333984 0.142578
5 0.681055 0.106836 0.365234 0.154297
5 0.733203 0.257422 0.316406 0.152344
