6 0.164453 0.930469 0.175781 0.085938
6 0.139063 0.858203 0.125000 0.082031
6 0.137109 0.783203 0.121094 0.082031
6 0.166406 0.700977 0.179688 0.080078
6 0.166406 0.628711 0.179688 0.076172
6 0.166406 0.555273 0.179688 0.076172
6 0.166406 0.473047 0.179688 0.074219
6 0.166406 0.401758 0.179688 0.072266
6 0.166016 0.331836 0.175781 0.076172
6 0.165430 0.256445 0.177734 0.087891
6 0.163867 0.182227 0.177734 0.080078
6 0.163867 0.111719 0.177734 0.085938
6 0.163477 0.042969 0.173828 0.085938
6 0.451953 0.884375 0.160156 0.078125
6 0.451953 0.819336 0.160156 0.076172
6 0.452539 0.754297 0.158203 0.074219
6 0.452539 0.685547 0.158203 0.074219
6 0.450977 0.617969 0.158203 0.070312
6 0.450586 0.553516 0.154297 0.066406
6 0.450586 0.486914 0.154297 0.064453
6 0.449023 0.422852 0.154297 0.064453
6 0.446875 0.356055 0.156250 0.068359
6 0.445898 0.293555 0.154297 0.068359
6 0.444922 0.232031 0.152344 0.070312
6 0.443359 0.169922 0.152344 0.074219
6 0.443945 0.106836 0.150391 0.076172
6 0.445117 0.039648 0.146484 0.076172
6 0.677344 0.827148 0.101562 0.091797
6 0.675781 0.766406 0.101562 0.085938
6 0.674805 0.706836 0.099609 0.076172
6 0.673828 0.649805 0.097656 0.068359
6 0.710742 0.229102 0.255859 0.111328
6 0.706641 0.134570 0.253906 0.103516
6 0.706641 0.049805 0.253906 0.099609
6 0.748437 0.320898 0.171875 0.091797
6 0.756641 0.404883 0.175781 0.087891
6 0.757227 0.489844 0.173828 0.085938
6 0.762305 0.575195 0.177734 0.087891
6 0.792969 0.833984 0.132812 0.074219
6 0.791992 0.773242 0.130859 0.068359
6 0.789453 0.711328 0.128906 0.066406
6 0.785742 0.649414 0.130859 0.064453
