5 0.134375 0.223242 0.265625 0.068359
5 0.433984 0.170703 0.261719 0.066406
5 0.506445 0.217383 0.244141 0.072266
5 0.365820 0.301172 0.134766 0.152344
5 0.508789 0.312500 0.220703 0.187500
5 0.648828 0.340625 0.175781 0.156250
5 0.800781 0.492188 0.195312 0.250000
5 0.792383 0.791602 0.291016 0.314453
5 0.537695 0.454102 0.228516 0.173828
5 0.490625 0.541016 0.281250 0.222656
5 0.415430 0.591211 0.302734 0.263672
5 0.216211 0.397949 0.294922 0.124023
5 0.127930 0.354004 0.255859 0.098633
5 0.139648 0.282129 0.279297 0.067383
5 0.146484 0.502051 0.292969 0.110352
5 0.128906 0.592285 0.257812 0.168945
5 0.312891 0.734961 0.347656 0.279297
5 0.259180 0.873828 0.287109 0.253906
5 0.609766 0.695117 0.253906 0.302734
