2 0.832812 0.755859 0.125000 0.371094
2 0.711523 0.752344 0.123047 0.367188
2 0.586719 0.752734 0.117188 0.371094
2 0.466406 0.750586 0.117188 0.373047
2 0.343750 0.750000 0.125000 0.375000
2 0.224414 0.749023 0.126953 0.373047
2 0.635742 0.292578 0.099609 0.363281
2 0.531442 0.292109 0.100384 0.368592
2 0.429102 0.291016 0.095703 0.363281
2 0.325631 0.286063 0.101263 0.372127
2 0.219336 0.290820 0.107422 0.369141
2 0.117578 0.289844 0.113281 0.367188
2 0.036133 0.286719 0.072266 0.367188
2 0.838672 0.298242 0.105469 0.365234
2 0.738672 0.294727 0.105469 0.361328
2 0.097656 0.748047 0.132812 0.371094
