0 0.108789 0.165332 0.189453 0.321289
0 0.266406 0.168262 0.117188 0.280273
0 0.405078 0.184961 0.160156 0.294922
0 0.185156 0.402441 0.257812 0.161133
0 0.600195 0.196875 0.197266 0.328125
0 0.746094 0.167383 0.117188 0.322266
0 0.912891 0.177539 0.144531 0.345703
0 0.772461 0.416016 0.279297 0.097656
0 0.106445 0.664648 0.181641 0.263672
0 0.250586 0.667969 0.107422 0.273438
0 0.405664 0.733984 0.173828 0.261719
0 0.230469 0.878809 0.242188 0.135742
0 0.595313 0.713477 0.187500 0.376953
0 0.762695 0.715332 0.166016 0.383789
0 0.915430 0.768945 0.146484 0.291016
