2 0.155859 0.366016 0.230469 0.394531
2 0.364258 0.247656 0.275391 0.320312
2 0.519531 0.374609 0.164062 0.339844
2 0.702148 0.174609 0.294922 0.261719
2 0.748828 0.289453 0.332031 0.207031
2 0.776758 0.412695 0.337891 0.134766
2 0.772461 0.533203 0.341797 0.113281
2 0.778711 0.643164 0.326172 0.111328
2 0.761328 0.759570 0.332031 0.119141
2 0.718164 0.879297 0.392578 0.152344
2 0.470703 0.503906 0.238281 0.320312
2 0.452148 0.648438 0.263672 0.312500
2 0.238281 0.513281 0.273438 0.257812
2 0.374805 0.725195 0.287109 0.337891
2 0.269922 0.797852 0.246094 0.298828
