6 0.818164 0.812305 0.251953 0.193359
6 0.826758 0.953711 0.275391 0.091797
6 0.570703 0.813086 0.253906 0.201172
6 0.575781 0.957031 0.257812 0.085938
6 0.308008 0.817383 0.259766 0.197266
6 0.311328 0.959766 0.269531 0.082031
6 0.091797 0.820312 0.183594 0.203125
6 0.088867 0.964844 0.177734 0.070312
6 0.101562 0.621484 0.203125 0.199219
6 0.324609 0.622070 0.246094 0.197266
6 0.575781 0.619922 0.242188 0.183594
6 0.815820 0.621484 0.244141 0.183594
6 0.822656 0.284180 0.242188 0.490234
6 0.595508 0.281055 0.228516 0.490234
6 0.368555 0.278320 0.224609 0.494141
6 0.140625 0.272461 0.250000 0.498047
