0 0.506836 0.217188 0.154297 0.406250
0 0.659766 0.216797 0.144531 0.402344
0 0.809570 0.208008 0.166016 0.416016
0 0.350195 0.210938 0.166016 0.421875
0 0.848633 0.764062 0.134766 0.406250
0 0.719336 0.760156 0.123047 0.414062
0 0.568750 0.758789 0.125000 0.423828
0 0.435352 0.762793 0.126953 0.413086
0 0.302734 0.762500 0.121094 0.421875
0 0.191797 0.780859 0.121094 0.386719
0 0.053711 0.783105 0.107422 0.381836
0 0.949219 0.416992 0.101562 0.287109
0 0.959766 0.767090 0.082031 0.299805
0 0.203516 0.222656 0.160156 0.398438
0 0.072266 0.222559 0.144531 0.401367
