0 0.153906 0.255469 0.132812 0.335938
0 0.287500 0.255859 0.140625 0.339844
0 0.416992 0.266211 0.130859 0.357422
0 0.551758 0.274219 0.134766 0.367188
0 0.681250 0.271875 0.140625 0.359375
0 0.815039 0.288086 0.158203 0.341797
0 0.936328 0.288086 0.128906 0.341797
0 0.112891 0.781250 0.128906 0.312500
0 0.229102 0.782813 0.126953 0.312500
0 0.351172 0.763672 0.121094 0.308594
0 0.480469 0.747461 0.117188 0.294922
0 0.582422 0.783789 0.121094 0.314453
0 0.702539 0.792969 0.126953 0.320312
0 0.827148 0.790039 0.138672 0.314453
0 0.937500 0.788086 0.125000 0.326172
