3 0.725488 0.160742 0.313477 0.208984
3 0.776074 0.362305 0.295898 0.240234
3 0.913379 0.262109 0.114258 0.105469
3 0.899805 0.153320 0.099609 0.119141
3 0.751758 0.653320 0.322266 0.197266
3 0.917285 0.700000 0.106445 0.109375
3 0.756641 0.861328 0.316406 0.207031
3 0.919238 0.819141 0.110352 0.113281
3 0.226270 0.231836 0.430664 0.419922
3 0.273340 0.666602 0.331055 0.189453
3 0.258105 0.874805 0.319336 0.224609
3 0.102246 0.685352 0.104492 0.111328
3 0.096094 0.798828 0.117188 0.113281
3 0.256738 0.445312 0.282227 0.109375
