2 0.886719 0.275977 0.148438 0.470703
2 0.635352 0.219336 0.470703 0.169922
2 0.710547 0.362109 0.496094 0.152344
2 0.625391 0.468555 0.457031 0.130859
2 0.676758 0.581641 0.431641 0.113281
2 0.656055 0.699023 0.443359 0.123047
2 0.755664 0.851367 0.205078 0.193359
2 0.426367 0.797656 0.474609 0.164062
2 0.334961 0.924609 0.466797 0.152344
2 0.141602 0.744141 0.267578 0.207031
2 0.252734 0.611133 0.355469 0.228516
2 0.359375 0.574609 0.187500 0.152344
2 0.296289 0.394531 0.408203 0.257812
2 0.250000 0.213867 0.421875 0.271484
2 0.327148 0.097266 0.404297 0.160156
2 0.721094 0.090820 0.148438 0.181641
2 0.606250 0.070312 0.125000 0.140625
