5 0.098633 0.349023 0.103516 0.232422
5 0.182227 0.357422 0.142578 0.308594
5 0.298438 0.357031 0.125000 0.304688
5 0.393359 0.379492 0.121094 0.271484
5 0.498047 0.351367 0.089844 0.240234
5 0.567969 0.376367 0.117188 0.271484
5 0.704492 0.397461 0.177734 0.279297
5 0.875391 0.346680 0.128906 0.240234
5 0.102344 0.645117 0.101562 0.224609
5 0.203906 0.635352 0.101562 0.236328
5 0.301367 0.658789 0.115234 0.236328
5 0.428516 0.656836 0.097656 0.232422
5 0.559375 0.663672 0.093750 0.230469
5 0.664648 0.658789 0.123047 0.236328
5 0.773047 0.721289 0.152344 0.236328
