1 0.047852 0.159570 0.095703 0.244141
1 0.170508 0.149805 0.197266 0.255859
1 0.360938 0.159180 0.218750 0.240234
1 0.953125 0.156836 0.093750 0.232422
1 0.901758 0.473242 0.181641 0.240234
1 0.720117 0.472656 0.177734 0.242188
1 0.558398 0.481445 0.185547 0.228516
1 0.384570 0.479102 0.166016 0.236328
1 0.224414 0.478906 0.173828 0.242188
1 0.069336 0.484766 0.138672 0.238281
1 0.061523 0.815820 0.123047 0.228516
1 0.206836 0.812109 0.169922 0.230469
1 0.375586 0.812305 0.169922 0.240234
1 0.525781 0.805664 0.164062 0.236328
1 0.688477 0.806055 0.173828 0.240234
1 0.848242 0.813281 0.177734 0.226562
1 0.574805 0.150977 0.240234 0.251953
1 0.807617 0.148242 0.240234 0.255859
