5 0.087695 0.338477 0.119141 0.283203
5 0.289453 0.232813 0.300781 0.156250
5 0.555273 0.221094 0.279297 0.117188
5 0.275195 0.385547 0.291016 0.199219
5 0.457813 0.415039 0.140625 0.267578
5 0.701953 0.320117 0.285156 0.162109
5 0.911133 0.321289 0.119141 0.298828
5 0.184570 0.496484 0.259766 0.089844
5 0.666992 0.512305 0.271484 0.208984
5 0.894336 0.629492 0.201172 0.302734
5 0.191406 0.619727 0.257812 0.158203
5 0.447852 0.647266 0.314453 0.097656
5 0.696094 0.652930 0.289062 0.208984
5 0.238281 0.811523 0.289062 0.201172
5 0.310547 0.762695 0.261719 0.181641
5 0.528320 0.773828 0.275391 0.144531
5 0.785742 0.851172 0.302734 0.105469
