5 0.875000 0.256836 0.250000 0.216797
5 0.486328 0.228516 0.285156 0.144531
5 0.276758 0.293359 0.150391 0.261719
5 0.087891 0.331641 0.175781 0.300781
5 0.150000 0.612109 0.156250 0.277344
5 0.367578 0.519141 0.175781 0.253906
5 0.299805 0.708789 0.146484 0.267578
5 0.257617 0.901367 0.271484 0.162109
5 0.500391 0.384180 0.222656 0.224609
5 0.666797 0.429688 0.214844 0.250000
5 0.751367 0.322266 0.240234 0.316406
5 0.930273 0.482812 0.138672 0.265625
5 0.769336 0.593164 0.294922 0.158203
5 0.514062 0.651172 0.281250 0.308594
5 0.552539 0.854883 0.251953 0.291016
5 0.705664 0.834863 0.298828 0.329102
5 0.922461 0.850488 0.154297 0.297852
