3 0.166406 0.835352 0.210938 0.314453
3 0.230859 0.669336 0.214844 0.279297
3 0.374805 0.772461 0.208984 0.310547
3 0.169043 0.189258 0.194336 0.291016
3 0.228809 0.343555 0.198242 0.255859
3 0.361816 0.246680 0.192383 0.287109
3 0.641211 0.834766 0.169922 0.144531
3 0.680078 0.616992 0.269531 0.224609
3 0.815820 0.909180 0.134766 0.115234
3 0.875586 0.783984 0.248047 0.152344
3 0.908984 0.607031 0.183594 0.179688
3 0.667090 0.319141 0.206055 0.300781
3 0.715332 0.152344 0.211914 0.257812
3 0.862695 0.242188 0.197266 0.296875
