6 0.716406 0.089453 0.304688 0.128906
6 0.728516 0.224023 0.332031 0.154297
6 0.728516 0.373047 0.332031 0.152344
6 0.727930 0.525195 0.333984 0.150391
6 0.726953 0.670898 0.332031 0.154297
6 0.688867 0.809180 0.255859 0.146484
6 0.686914 0.937500 0.251953 0.125000
6 0.205664 0.092578 0.298828 0.160156
6 0.204687 0.213477 0.296875 0.142578
6 0.204102 0.339844 0.298828 0.132812
6 0.203516 0.467578 0.300781 0.128906
6 0.204492 0.594727 0.302734 0.126953
6 0.203516 0.718359 0.300781 0.136719
6 0.202539 0.841602 0.298828 0.142578
6 0.201953 0.948047 0.300781 0.105469
