5 0.458398 0.114258 0.419922 0.228516
5 0.131836 0.380176 0.263672 0.282227
5 0.611719 0.222266 0.367188 0.269531
5 0.845703 0.451953 0.285156 0.363281
5 0.662891 0.503320 0.332031 0.306641
5 0.177734 0.726074 0.355469 0.217773
5 0.328711 0.792383 0.388672 0.291016
5 0.964258 0.755859 0.072266 0.308594
5 0.713672 0.893945 0.324219 0.212891
5 0.615234 0.949219 0.261719 0.101562
5 0.441406 0.457617 0.289062 0.380859
5 0.715234 0.751367 0.371094 0.302734
5 0.152344 0.530762 0.304688 0.264648
5 0.329688 0.905762 0.296875 0.186523
