5 0.043945 0.408789 0.072266 0.220703
5 0.089844 0.413672 0.070312 0.230469
5 0.160742 0.414648 0.068359 0.232422
5 0.256250 0.426367 0.078125 0.208984
5 0.344531 0.422656 0.070312 0.210938
5 0.406836 0.429102 0.076172 0.220703
5 0.486133 0.425586 0.072266 0.216797
5 0.556250 0.434961 0.078125 0.232422
5 0.651367 0.445312 0.115234 0.234375
5 0.761328 0.458008 0.113281 0.212891
5 0.865625 0.443945 0.093750 0.259766
0 0.932617 0.491992 0.083984 0.162109
5 0.371680 0.762109 0.083984 0.167969
5 0.455469 0.763672 0.085938 0.199219
5 0.542383 0.777148 0.087891 0.201172
5 0.634180 0.787500 0.099609 0.203125
5 0.957617 0.821680 0.083984 0.224609
