6 0.748047 0.075195 0.152344 0.150391
6 0.748437 0.235937 0.156250 0.187500
6 0.745703 0.414844 0.160156 0.179688
6 0.452734 0.085938 0.433594 0.171875
6 0.454492 0.254688 0.427734 0.187500
6 0.455859 0.437891 0.417969 0.175781
6 0.854492 0.585742 0.130859 0.162109
6 0.864258 0.746680 0.103516 0.162109
6 0.865039 0.908008 0.111328 0.166016
6 0.747852 0.606445 0.158203 0.197266
6 0.749023 0.781836 0.138672 0.169922
6 0.466406 0.620508 0.429688 0.197266
6 0.469141 0.796680 0.425781 0.208984
6 0.471484 0.929102 0.417969 0.142578
