2 0.800195 0.828711 0.244141 0.154297
2 0.476562 0.873047 0.296875 0.105469
2 0.172461 0.833594 0.232422 0.226562
2 0.835742 0.636719 0.115234 0.289062
2 0.615820 0.735352 0.275391 0.111328
2 0.328125 0.689453 0.250000 0.253906
2 0.109766 0.527148 0.160156 0.326172
2 0.147070 0.186328 0.119141 0.347656
2 0.299805 0.282227 0.146484 0.267578
2 0.317969 0.450977 0.242188 0.158203
2 0.475000 0.485352 0.250000 0.205078
2 0.647852 0.542383 0.251953 0.244141
2 0.887305 0.304492 0.146484 0.318359
2 0.724609 0.270313 0.183594 0.312500
2 0.604492 0.236719 0.130859 0.289062
2 0.473633 0.254883 0.103516 0.291016
2 0.349023 0.075195 0.263672 0.150391
2 0.781250 0.060547 0.296875 0.121094
