0 0.259766 0.918750 0.160156 0.062500
0 0.241992 0.837500 0.193359 0.062500
0 0.215820 0.735645 0.244141 0.102539
0 0.208008 0.624316 0.259766 0.098633
0 0.200195 0.500000 0.275391 0.109375
0 0.208398 0.370215 0.263672 0.112305
0 0.210742 0.245996 0.255859 0.104492
0 0.222461 0.147461 0.232422 0.060547
0 0.239258 0.063379 0.197266 0.051758
0 0.670312 0.086914 0.343750 0.095703
0 0.687500 0.212988 0.312500 0.094727
0 0.690430 0.340625 0.318359 0.093750
0 0.688867 0.455371 0.318359 0.088867
0 0.694922 0.574023 0.308594 0.091797
0 0.695312 0.691309 0.312500 0.088867
0 0.702539 0.809375 0.298828 0.093750
0 0.702148 0.923828 0.294922 0.097656
