6 0.074023 0.144141 0.091797 0.207031
6 0.153906 0.145313 0.085938 0.203125
6 0.235156 0.147461 0.085938 0.201172
6 0.314453 0.148047 0.082031 0.199219
6 0.403125 0.152344 0.078125 0.195312
6 0.477148 0.151758 0.076172 0.197266
6 0.552734 0.151367 0.074219 0.193359
6 0.628711 0.151367 0.076172 0.193359
6 0.713672 0.149023 0.089844 0.201172
6 0.795312 0.150195 0.078125 0.197266
6 0.868164 0.150781 0.080078 0.195312
6 0.944141 0.150195 0.082031 0.197266
6 0.097266 0.629687 0.082031 0.187500
6 0.172852 0.630273 0.080078 0.185547
6 0.249414 0.626563 0.080078 0.187500
6 0.325977 0.624414 0.080078 0.189453
6 0.403320 0.616602 0.072266 0.189453
6 0.472656 0.616211 0.070312 0.185547
6 0.541406 0.616211 0.070312 0.185547
6 0.611719 0.614648 0.070312 0.185547
6 0.693945 0.618164 0.087891 0.189453
6 0.770898 0.618750 0.076172 0.187500
6 0.839648 0.617188 0.076172 0.187500
6 0.908008 0.616797 0.072266 0.183594
6 0.058594 0.916797 0.085938 0.167969
6 0.138672 0.910156 0.074219 0.179688
6 0.210547 0.910156 0.074219 0.179688
6 0.283008 0.908984 0.072266 0.183594
6 0.355273 0.904883 0.076172 0.181641
6 0.423242 0.882227 0.068359 0.173828
6 0.491016 0.880664 0.066406 0.173828
6 0.558203 0.876953 0.066406 0.175781
6 0.625977 0.874414 0.064453 0.173828
6 0.720313 0.895312 0.078125 0.187500
6 0.792969 0.893359 0.070312 0.183594
6 0.859961 0.888086 0.076172 0.185547
6 0.928711 0.885547 0.076172 0.183594
