6 0.108984 0.354102 0.121094 0.236328
6 0.222461 0.356445 0.123047 0.228516
6 0.330664 0.356445 0.111328 0.228516
6 0.440234 0.352539 0.105469 0.236328
6 0.543359 0.351953 0.105469 0.238281
6 0.647070 0.349219 0.103516 0.242188
6 0.756641 0.346484 0.113281 0.246094
6 0.869141 0.378516 0.113281 0.175781
6 0.952539 0.342773 0.095703 0.248047
6 0.093359 0.725977 0.105469 0.236328
6 0.196875 0.725195 0.109375 0.244141
6 0.296875 0.727148 0.109375 0.248047
6 0.402344 0.727539 0.101562 0.251953
6 0.509570 0.730078 0.103516 0.253906
6 0.724414 0.733008 0.111328 0.259766
6 0.618945 0.733203 0.103516 0.253906
6 0.857595 0.712180 0.174564 0.327484
6 0.962153 0.716477 0.074306 0.307955
