4 0.187500 0.094727 0.343750 0.158203
4 0.395117 0.106445 0.193359 0.181641
4 0.164062 0.252734 0.296875 0.230469
4 0.236719 0.412891 0.367188 0.160156
4 0.397266 0.334863 0.191406 0.282227
4 0.691016 0.113281 0.285156 0.195312
4 0.902344 0.172852 0.164062 0.314453
4 0.742969 0.335938 0.382812 0.281250
4 0.589844 0.414062 0.164062 0.156250
4 0.830859 0.445312 0.308594 0.093750
4 0.940820 0.386230 0.087891 0.163086
4 0.075000 0.720801 0.078125 0.125977
4 0.130273 0.695312 0.138672 0.187500
4 0.193945 0.810547 0.134766 0.152344
4 0.314453 0.854492 0.113281 0.162109
4 0.391211 0.819141 0.107422 0.128906
4 0.321289 0.713379 0.111328 0.145508
4 0.237891 0.725684 0.097656 0.135742
4 0.166797 0.592285 0.121094 0.090820
4 0.185352 0.609863 0.095703 0.094727
4 0.277734 0.612598 0.105469 0.122070
4 0.341211 0.622656 0.060547 0.054688
4 0.410156 0.706152 0.085938 0.143555
4 0.406250 0.625000 0.093750 0.093750
4 0.457031 0.705566 0.070312 0.208008
4 0.241992 0.554590 0.068359 0.049805
4 0.600586 0.771094 0.185547 0.148438
4 0.669531 0.843164 0.179688 0.126953
4 0.632812 0.933594 0.250000 0.101562
4 0.864062 0.940820 0.203125 0.087891
4 0.832031 0.849023 0.195312 0.185547
4 0.779102 0.621191 0.142578 0.114258
4 0.796289 0.713281 0.205078 0.117188
4 0.935840 0.658594 0.096680 0.054688
