6 0.705664 0.140234 0.345703 0.121094
6 0.673145 0.264453 0.352539 0.128906
6 0.658887 0.391992 0.358398 0.130859
6 0.655176 0.526367 0.360352 0.130859
6 0.654297 0.665430 0.355469 0.130859
6 0.686523 0.801172 0.357422 0.136719
6 0.696191 0.927539 0.333008 0.126953
6 0.328516 0.074609 0.363281 0.136719
6 0.313574 0.212305 0.358398 0.130859
6 0.304297 0.352148 0.339844 0.123047
6 0.295801 0.488867 0.344727 0.130859
6 0.295801 0.626563 0.344727 0.125000
6 0.299512 0.769531 0.358398 0.132812
6 0.312793 0.919922 0.366211 0.136719
