5 0.210547 0.769336 0.152344 0.169922
5 0.159961 0.510742 0.123047 0.193359
5 0.186328 0.296484 0.097656 0.230469
5 0.233789 0.551758 0.095703 0.197266
5 0.311914 0.666992 0.142578 0.255859
5 0.384570 0.741602 0.181641 0.220703
5 0.348242 0.293555 0.099609 0.240234
5 0.270898 0.334766 0.076172 0.191406
5 0.346289 0.470703 0.173828 0.144531
5 0.435352 0.576953 0.189453 0.191406
5 0.526758 0.509766 0.228516 0.160156
5 0.473633 0.365625 0.181641 0.171875
5 0.503516 0.275000 0.253906 0.218750
5 0.696875 0.258789 0.296875 0.236328
5 0.608984 0.208789 0.199219 0.126953
5 0.690234 0.472461 0.199219 0.232422
5 0.886523 0.502930 0.201172 0.302734
5 0.839258 0.710547 0.197266 0.292969
5 0.666992 0.735742 0.162109 0.240234
5 0.551562 0.709570 0.218750 0.259766
