0 0.820312 0.345313 0.109375 0.262500
0 0.721875 0.345313 0.109375 0.287500
0 0.607812 0.328125 0.118750 0.268750
0 0.496875 0.337500 0.109375 0.268750
0 0.389062 0.333594 0.112500 0.285938
0 0.196094 0.328906 0.117188 0.276562
0 0.290625 0.332813 0.109375 0.278125
0 0.657031 0.564063 0.032813 0.087500
0 0.693750 0.562500 0.031250 0.093750
0 0.726562 0.560156 0.028125 0.092188
0 0.759375 0.557031 0.028125 0.079687
0 0.792188 0.560156 0.034375 0.085938
0 0.819531 0.559375 0.035937 0.087500
0 0.851562 0.563281 0.034375 0.082812
0 0.850781 0.741406 0.048438 0.154688
0 0.750000 0.744531 0.062500 0.120313
0 0.692187 0.745313 0.056250 0.115625
0 0.635938 0.752344 0.056250 0.114062
0 0.583594 0.747656 0.054688 0.126562
0 0.528906 0.750000 0.054688 0.121875
0 0.457813 0.742969 0.068750 0.126562
0 0.389062 0.747656 0.068750 0.117188
