6 0.268652 0.935156 0.315430 0.101562
6 0.272461 0.843750 0.326172 0.109375
6 0.276660 0.743555 0.340820 0.115234
6 0.238086 0.639453 0.185547 0.207031
6 0.795703 0.894141 0.285156 0.144531
6 0.796680 0.755273 0.287109 0.138672
6 0.797754 0.611328 0.286133 0.144531
6 0.244043 0.424414 0.288086 0.111328
6 0.253711 0.320703 0.294922 0.113281
6 0.262305 0.216602 0.302734 0.111328
6 0.271973 0.096484 0.309570 0.136719
6 0.750000 0.423633 0.234375 0.103516
6 0.750000 0.303320 0.234375 0.103516
6 0.750000 0.183008 0.234375 0.103516
6 0.749414 0.062305 0.236328 0.099609
