6 0.176367 0.229102 0.224609 0.173828
6 0.397461 0.231055 0.216797 0.177734
6 0.619531 0.237695 0.226562 0.166016
6 0.844531 0.242578 0.242188 0.175781
6 0.181445 0.391602 0.212891 0.158203
6 0.384766 0.398828 0.207031 0.160156
6 0.595508 0.402148 0.212891 0.169922
6 0.808203 0.411719 0.222656 0.164062
6 0.198047 0.700000 0.199219 0.453125
6 0.385742 0.709766 0.193359 0.457031
6 0.579102 0.719531 0.205078 0.460938
6 0.777148 0.727148 0.232422 0.466797
6 0.059570 0.698242 0.119141 0.427734
6 0.050781 0.373437 0.101562 0.218750
6 0.928516 0.734375 0.144531 0.484375
