2 0.235352 0.174609 0.314453 0.277344
2 0.456641 0.323242 0.285156 0.271484
2 0.529883 0.254883 0.197266 0.212891
2 0.703711 0.307617 0.294922 0.240234
2 0.771484 0.211523 0.339844 0.279297
2 0.860742 0.596484 0.177734 0.371094
2 0.732227 0.591797 0.158203 0.355469
2 0.612695 0.609375 0.134766 0.375000
2 0.290820 0.388086 0.259766 0.107422
2 0.346680 0.490234 0.240234 0.121094
2 0.083984 0.530859 0.167969 0.355469
2 0.204687 0.669727 0.140625 0.361328
2 0.321680 0.721094 0.177734 0.367188
2 0.403320 0.749805 0.197266 0.396484
2 0.525977 0.769531 0.111328 0.367188
2 0.800781 0.828711 0.398438 0.123047
