5 0.304492 0.865039 0.255859 0.220703
5 0.285938 0.750977 0.218750 0.189453
5 0.489063 0.866797 0.250000 0.183594
5 0.681055 0.884180 0.208984 0.162109
5 0.563867 0.727539 0.208984 0.126953
5 0.741797 0.684570 0.167969 0.212891
5 0.290625 0.554688 0.234375 0.218750
5 0.265625 0.449805 0.218750 0.177734
5 0.221680 0.239844 0.115234 0.195312
5 0.470703 0.599023 0.128906 0.216797
5 0.367773 0.256836 0.201172 0.123047
5 0.434180 0.131836 0.208984 0.138672
5 0.417578 0.414453 0.238281 0.207031
5 0.516602 0.292578 0.205078 0.144531
5 0.598047 0.515234 0.199219 0.167969
5 0.627734 0.389453 0.183594 0.175781
5 0.683984 0.577539 0.246094 0.189453
5 0.753711 0.370508 0.123047 0.228516
5 0.694141 0.210938 0.207031 0.109375
5 0.652344 0.060156 0.242188 0.117188
