6 0.900195 0.200195 0.103516 0.197266
6 0.798633 0.199023 0.103516 0.201172
6 0.692187 0.196875 0.109375 0.203125
6 0.584961 0.196289 0.107422 0.205078
6 0.476172 0.191992 0.105469 0.208984
6 0.367773 0.191016 0.107422 0.207031
6 0.257812 0.190430 0.109375 0.208984
6 0.146289 0.187305 0.111328 0.208984
6 0.043945 0.184180 0.087891 0.208984
6 0.079768 0.686300 0.100161 0.238225
6 0.080078 0.534187 0.097656 0.068373
6 0.086719 0.460547 0.101562 0.074219
6 0.179370 0.681963 0.096241 0.242050
6 0.180078 0.532227 0.097656 0.064453
6 0.183203 0.460547 0.097656 0.074219
6 0.274805 0.683398 0.099609 0.232422
6 0.276953 0.531641 0.097656 0.066406
6 0.280664 0.461719 0.095703 0.070312
6 0.389648 0.497852 0.123047 0.189453
6 0.514648 0.493555 0.123047 0.193359
6 0.638086 0.488867 0.123047 0.193359
6 0.769922 0.488867 0.136719 0.193359
6 0.899414 0.492969 0.126953 0.195312
6 0.889062 0.702148 0.125000 0.169922
6 0.763086 0.702734 0.123047 0.167969
6 0.638086 0.691406 0.123047 0.195312
6 0.512500 0.692969 0.125000 0.195312
6 0.384375 0.696680 0.125000 0.193359
