3 0.091797 0.165430 0.136719 0.318359
3 0.248633 0.162109 0.150391 0.214844
3 0.421484 0.144141 0.152344 0.222656
3 0.587305 0.168750 0.146484 0.203125
3 0.835742 0.084766 0.193359 0.144531
3 0.934375 0.143457 0.046875 0.133789
3 0.954102 0.151758 0.048828 0.134766
3 0.141602 0.544922 0.236328 0.214844
3 0.184180 0.415039 0.162109 0.048828
3 0.199609 0.354590 0.167969 0.034180
3 0.566797 0.471289 0.105469 0.111328
3 0.601562 0.439063 0.125000 0.109375
3 0.456445 0.552832 0.228516 0.180664
3 0.838867 0.489063 0.318359 0.281250
3 0.170508 0.815234 0.322266 0.230469
3 0.497852 0.828516 0.314453 0.316406
3 0.755664 0.835449 0.142578 0.280273
3 0.909961 0.834570 0.154297 0.212891
