1 0.875781 0.093750 0.132812 0.187500
1 0.748437 0.099219 0.121875 0.195312
1 0.599219 0.096875 0.220312 0.193750
1 0.389844 0.101562 0.176563 0.203125
1 0.184375 0.138281 0.178125 0.120313
1 0.053125 0.133594 0.106250 0.148438
1 0.065625 0.338281 0.131250 0.107813
1 0.228906 0.337500 0.210938 0.112500
1 0.450781 0.346094 0.226562 0.101562
1 0.682031 0.347656 0.214062 0.117188
1 0.882031 0.340625 0.201563 0.112500
1 0.754687 0.504687 0.262500 0.093750
1 0.496875 0.502344 0.278125 0.089063
1 0.221094 0.500781 0.245312 0.067187
1 0.203125 0.616406 0.184375 0.092188
1 0.056250 0.625781 0.112500 0.076563
1 0.385156 0.626563 0.189062 0.065625
1 0.605469 0.628906 0.267188 0.060937
1 0.848437 0.642188 0.200000 0.043750
1 0.818750 0.775781 0.181250 0.079687
1 0.639844 0.768750 0.160938 0.087500
1 0.478906 0.766406 0.189062 0.076563
1 0.288281 0.774219 0.195312 0.042188
1 0.089844 0.769531 0.176563 0.042188
1 0.075781 0.872656 0.148438 0.101562
1 0.217188 0.879687 0.115625 0.100000
1 0.340625 0.885938 0.128125 0.090625
1 0.528906 0.910156 0.235937 0.076563
