5 0.307422 0.892578 0.277344 0.128906
5 0.344141 0.692383 0.191406 0.291016
5 0.205469 0.682031 0.148438 0.289062
5 0.202539 0.431055 0.111328 0.240234
5 0.296875 0.122852 0.250000 0.126953
5 0.293555 0.296875 0.130859 0.234375
5 0.456836 0.315430 0.185547 0.240234
5 0.376953 0.506445 0.238281 0.150391
5 0.549414 0.109180 0.251953 0.193359
5 0.581836 0.274023 0.169922 0.263672
5 0.591406 0.506836 0.101562 0.294922
5 0.578711 0.775781 0.154297 0.273438
5 0.775391 0.720703 0.191406 0.316406
5 0.718164 0.640234 0.173828 0.277344
5 0.708594 0.423438 0.164062 0.265625
5 0.774805 0.180273 0.099609 0.279297
5 0.453711 0.783008 0.091797 0.275391
