3 0.081250 0.813281 0.162500 0.370312
3 0.270627 0.850850 0.256878 0.292325
3 0.663672 0.667969 0.277344 0.273438
3 0.520312 0.792285 0.312500 0.200195
3 0.863867 0.640039 0.271484 0.205078
3 0.694727 0.387988 0.361328 0.188477
3 0.433594 0.484180 0.210938 0.162109
3 0.299805 0.315039 0.349609 0.205078
3 0.331641 0.153125 0.300781 0.203125
3 0.140234 0.051758 0.214844 0.103516
3 0.445312 0.323633 0.218750 0.197266
3 0.595703 0.232813 0.269531 0.125000
3 0.657813 0.311035 0.218750 0.106445
3 0.852344 0.352832 0.226562 0.196289
3 0.825586 0.201758 0.294922 0.134766
3 0.934668 0.265918 0.131836 0.100586
3 0.764453 0.111230 0.285156 0.131836
3 0.517383 0.084473 0.181641 0.168945
3 0.479199 0.072754 0.155273 0.145508
