2 0.187109 0.183594 0.199219 0.367188
2 0.316406 0.218359 0.210938 0.371094
2 0.374023 0.382422 0.201172 0.324219
2 0.636719 0.135156 0.335938 0.101562
2 0.848047 0.216797 0.105469 0.371094
2 0.596484 0.344531 0.339844 0.164062
2 0.418750 0.534180 0.296875 0.224609
2 0.209766 0.579883 0.144531 0.337891
2 0.138672 0.824219 0.167969 0.351562
2 0.406836 0.681445 0.357422 0.119141
2 0.412109 0.797852 0.339844 0.142578
2 0.399414 0.914453 0.361328 0.144531
2 0.686523 0.536914 0.263672 0.283203
2 0.610742 0.479297 0.193359 0.199219
2 0.889062 0.580664 0.203125 0.220703
2 0.649414 0.757812 0.158203 0.328125
2 0.776758 0.768164 0.134766 0.376953
2 0.895117 0.802344 0.146484 0.242188
