4 0.198047 0.237305 0.339844 0.474609
4 0.282617 0.122559 0.302734 0.245117
4 0.220312 0.133398 0.062500 0.107422
4 0.070312 0.377734 0.140625 0.246094
4 0.368164 0.367773 0.251953 0.263672
4 0.436328 0.143555 0.128906 0.287109
4 0.614746 0.123047 0.229492 0.246094
4 0.759766 0.151855 0.191406 0.303711
4 0.905664 0.224902 0.189453 0.331055
4 0.953711 0.182031 0.091797 0.085938
4 0.881641 0.142578 0.097656 0.128906
4 0.877832 0.079102 0.243164 0.158203
4 0.850977 0.385645 0.298828 0.227539
4 0.661133 0.367773 0.259766 0.263672
4 0.691797 0.665039 0.292969 0.330078
4 0.859961 0.739355 0.279297 0.475586
4 0.913477 0.623535 0.173828 0.247070
4 0.571875 0.747168 0.140625 0.491211
4 0.707812 0.831250 0.353125 0.337500
4 0.745703 0.877832 0.175781 0.243164
4 0.968750 0.885059 0.062500 0.229492
4 0.541016 0.846582 0.082031 0.305664
4 0.240234 0.737402 0.480469 0.346680
4 0.235352 0.569336 0.470703 0.138672
4 0.243164 0.934180 0.486328 0.130859
4 0.580078 0.330469 0.160156 0.289062
