5 0.893945 0.672461 0.166016 0.310547
5 0.728516 0.712500 0.191406 0.375000
5 0.567773 0.675391 0.169922 0.316406
5 0.394531 0.683594 0.164062 0.304688
5 0.213477 0.720508 0.111328 0.384766
5 0.293945 0.726367 0.103516 0.349609
5 0.081641 0.690430 0.160156 0.302734
5 0.899805 0.149805 0.146484 0.240234
5 0.755859 0.175781 0.152344 0.289062
5 0.564844 0.161133 0.148438 0.244141
5 0.386719 0.158203 0.148438 0.238281
5 0.223047 0.219141 0.136719 0.222656
5 0.058594 0.193945 0.117188 0.291016
5 0.102539 0.297852 0.111328 0.236328
