0 0.841211 0.642969 0.123047 0.148438
0 0.722070 0.643555 0.119141 0.146484
0 0.608398 0.644531 0.107422 0.148438
0 0.503711 0.644141 0.107422 0.144531
0 0.949805 0.626953 0.099609 0.113281
0 0.364258 0.641992 0.103516 0.130859
0 0.263281 0.643164 0.101562 0.126953
0 0.167578 0.650977 0.097656 0.126953
0 0.078125 0.650000 0.093750 0.125000
1 0.364648 0.407227 0.216797 0.048828
1 0.119141 0.417383 0.238281 0.087891
1 0.598047 0.387500 0.230469 0.078125
1 0.909766 0.167578 0.128906 0.175781
1 0.792383 0.180664 0.134766 0.173828
1 0.678516 0.193750 0.128906 0.171875
1 0.563867 0.207422 0.115234 0.167969
1 0.460352 0.218164 0.095703 0.158203
1 0.364063 0.221680 0.109375 0.162109
1 0.257812 0.235937 0.109375 0.156250
1 0.160156 0.245117 0.101562 0.146484
1 0.098633 0.249023 0.087891 0.154297
