0 0.731836 0.089844 0.373047 0.132812
5 0.740234 0.190820 0.355469 0.134766
0 0.688867 0.313281 0.255859 0.101562
0 0.684180 0.408789 0.271484 0.095703
0 0.684180 0.502539 0.271484 0.095703
0 0.692773 0.599414 0.263672 0.095703
0 0.693750 0.699805 0.265625 0.099609
0 0.688086 0.814063 0.279297 0.109375
0 0.762695 0.929688 0.369141 0.140625
0 0.198828 0.043945 0.269531 0.087891
0 0.199219 0.142969 0.273438 0.148438
0 0.211914 0.269922 0.283203 0.121094
0 0.193945 0.760742 0.291016 0.130859
0 0.189844 0.889648 0.289062 0.138672
