2 0.798242 0.849414 0.287109 0.267578
2 0.542578 0.741797 0.347656 0.152344
2 0.522852 0.880859 0.251953 0.136719
2 0.308203 0.770508 0.160156 0.322266
2 0.127734 0.596680 0.167969 0.302734
2 0.329883 0.458008 0.212891 0.259766
2 0.458789 0.573047 0.251953 0.121094
2 0.644141 0.600586 0.238281 0.107422
2 0.857227 0.545508 0.111328 0.275391
2 0.547461 0.360352 0.216797 0.298828
2 0.764648 0.383789 0.107422 0.189453
2 0.584961 0.172461 0.216797 0.216797
2 0.400977 0.170313 0.111328 0.250000
2 0.195312 0.277930 0.203125 0.302734
