0 0.082812 0.600781 0.165625 0.639062
0 0.299219 0.598437 0.220312 0.584375
0 0.517188 0.603125 0.212500 0.559375
0 0.768750 0.610156 0.262500 0.535937
0 0.946094 0.599219 0.107813 0.557813
0 0.670312 0.310156 0.081250 0.198437
0 0.594531 0.310937 0.073438 0.193750
0 0.443750 0.318750 0.075000 0.203125
0 0.371094 0.318750 0.076563 0.206250
0 0.282031 0.308594 0.076563 0.198437
0 0.208594 0.312500 0.070312 0.175000
0 0.748437 0.314844 0.084375 0.176563
0 0.827344 0.313281 0.082812 0.185938
0 0.914844 0.310937 0.076563 0.168750
0 0.517969 0.300781 0.079687 0.160938
