1 0.900781 0.092969 0.198437 0.182812
1 0.901563 0.246875 0.178125 0.162500
1 0.894531 0.411719 0.167187 0.126562
1 0.900000 0.521094 0.153125 0.170313
1 0.909375 0.796094 0.150000 0.129688
1 0.913281 0.891406 0.173437 0.139063
1 0.657031 0.180469 0.170313 0.142187
1 0.660937 0.846094 0.190625 0.110937
1 0.680469 0.960938 0.198437 0.078125
1 0.391406 0.879687 0.139063 0.140625
1 0.390625 0.748437 0.165625 0.115625
1 0.357031 0.060156 0.167187 0.117188
1 0.069531 0.038281 0.135937 0.073438
1 0.078125 0.703906 0.128125 0.170313
1 0.136719 0.925000 0.070312 0.150000
1 0.601562 0.060352 0.093750 0.095703
1 0.651758 0.325000 0.181641 0.156250
1 0.655664 0.465430 0.189453 0.146484
1 0.657227 0.603320 0.189453 0.150391
1 0.664648 0.728906 0.201172 0.132812
1 0.383789 0.445117 0.173828 0.162109
1 0.388477 0.599609 0.173828 0.152344
1 0.386523 0.302344 0.185547 0.148438
1 0.380469 0.152344 0.179688 0.164062
1 0.105273 0.172852 0.201172 0.142578
1 0.101367 0.295508 0.177734 0.150391
1 0.089453 0.407617 0.144531 0.162109
1 0.112109 0.558594 0.199219 0.148438
1 0.892969 0.657031 0.148438 0.132812
