5 0.711523 0.912891 0.388672 0.175781
5 0.696680 0.771875 0.365234 0.078125
0 0.682031 0.304297 0.351562 0.136719
0 0.684570 0.420703 0.353516 0.128906
0 0.690234 0.543359 0.355469 0.121094
0 0.689844 0.667773 0.351562 0.123047
0 0.276172 0.763477 0.324219 0.126953
0 0.269336 0.470117 0.326172 0.130859
0 0.263965 0.190820 0.315430 0.134766
0 0.260742 0.062500 0.318359 0.125000
0 0.695117 0.060547 0.396484 0.121094
0 0.698828 0.159570 0.394531 0.150391
0 0.277051 0.627930 0.313477 0.115234
0 0.285938 0.891406 0.312500 0.132812
0 0.265918 0.317383 0.319336 0.119141
