1 0.951953 0.865039 0.097656 0.251953
1 0.891406 0.866211 0.132812 0.248047
1 0.741211 0.870508 0.185547 0.259766
1 0.590430 0.866602 0.099609 0.267578
1 0.489844 0.863867 0.117188 0.271484
1 0.367578 0.866016 0.128906 0.269531
1 0.243750 0.867188 0.125000 0.265625
1 0.101562 0.863867 0.203125 0.271484
0 0.089258 0.429492 0.134766 0.302734
0 0.209961 0.425195 0.138672 0.306641
0 0.333398 0.436328 0.123047 0.300781
0 0.438477 0.422461 0.095703 0.279297
0 0.533789 0.425586 0.095703 0.279297
0 0.629492 0.421875 0.099609 0.281250
0 0.718164 0.394531 0.080078 0.226562
0 0.791016 0.393945 0.082031 0.228516
0 0.866797 0.389648 0.089844 0.232422
0 0.941406 0.394531 0.085938 0.226562
