3 0.875391 0.125586 0.175781 0.232422
3 0.870996 0.375781 0.166992 0.226562
3 0.624316 0.125000 0.129883 0.250000
3 0.603418 0.380664 0.147461 0.205078
3 0.743848 0.747852 0.465820 0.439453
3 0.290332 0.238672 0.133789 0.246094
3 0.326562 0.177539 0.125000 0.220703
3 0.258398 0.393945 0.123047 0.212891
3 0.295508 0.357227 0.134766 0.205078
3 0.129980 0.171680 0.084961 0.333984
3 0.189160 0.183398 0.075195 0.294922
3 0.353809 0.677148 0.104492 0.263672
3 0.270801 0.627734 0.110352 0.246094
3 0.159082 0.820117 0.149414 0.349609
3 0.245508 0.834570 0.150391 0.291016
