5 0.300195 0.410156 0.181641 0.320312
5 0.232422 0.458008 0.167969 0.228516
5 0.220117 0.307227 0.037109 0.080078
5 0.208984 0.212695 0.167969 0.103516
5 0.119141 0.326172 0.175781 0.167969
5 0.124414 0.456055 0.158203 0.146484
5 0.102539 0.687305 0.205078 0.240234
5 0.213281 0.654883 0.210938 0.291016
5 0.216797 0.822656 0.152344 0.257812
5 0.339258 0.702148 0.150391 0.263672
5 0.425586 0.853906 0.154297 0.195312
5 0.608398 0.831641 0.138672 0.238281
5 0.816211 0.844727 0.201172 0.220703
5 0.530273 0.698633 0.138672 0.275391
5 0.440430 0.633789 0.146484 0.251953
5 0.675391 0.645898 0.175781 0.185547
5 0.764453 0.711719 0.191406 0.257812
5 0.867578 0.661914 0.222656 0.267578
5 0.662109 0.504883 0.152344 0.306641
5 0.452734 0.256641 0.152344 0.191406
5 0.651172 0.258398 0.152344 0.185547
5 0.593555 0.336719 0.162109 0.179688
5 0.533984 0.491797 0.136719 0.183594
5 0.435156 0.426758 0.148438 0.181641
5 0.789453 0.397070 0.207031 0.306641
5 0.890625 0.264453 0.156250 0.175781
5 0.877344 0.443359 0.179688 0.183594
5 0.819141 0.528125 0.160156 0.140625
