0 0.211914 0.654102 0.205078 0.111328
0 0.211328 0.539648 0.207031 0.107422
0 0.209766 0.428125 0.207031 0.109375
0 0.202734 0.316797 0.214844 0.105469
0 0.200195 0.202148 0.212891 0.107422
0 0.202539 0.099414 0.205078 0.095703
0 0.628516 0.912695 0.425781 0.166016
0 0.625977 0.763281 0.423828 0.164062
0 0.692187 0.609961 0.421875 0.154297
0 0.708594 0.441211 0.382812 0.138672
0 0.708594 0.300586 0.382812 0.138672
0 0.706055 0.163477 0.380859 0.142578
0 0.702734 0.053711 0.386719 0.107422
0 0.183008 0.760352 0.212891 0.095703
