0 0.164160 0.845313 0.262695 0.125000
0 0.164844 0.639648 0.257812 0.107422
0 0.167383 0.433203 0.259766 0.144531
0 0.165430 0.230859 0.255859 0.121094
0 0.457324 0.756641 0.124023 0.347656
0 0.580859 0.721680 0.105469 0.271484
0 0.689746 0.710352 0.104492 0.251953
0 0.881738 0.695117 0.094727 0.224609
0 0.787012 0.698633 0.092773 0.228516
0 0.414551 0.275977 0.141602 0.345703
0 0.538379 0.283203 0.129883 0.332031
0 0.654883 0.294531 0.119141 0.335938
0 0.775977 0.290625 0.126953 0.343750
0 0.908789 0.295898 0.142578 0.373047
