4 0.919336 0.286328 0.138672 0.207031
4 0.911523 0.528125 0.154297 0.218750
4 0.936133 0.749219 0.103516 0.148438
4 0.761621 0.287891 0.120117 0.175781
4 0.755273 0.530273 0.123047 0.169922
4 0.778027 0.749609 0.174805 0.167969
4 0.604199 0.287695 0.139648 0.228516
4 0.583594 0.530469 0.179688 0.148438
4 0.628516 0.749609 0.082031 0.121094
4 0.506445 0.749219 0.119141 0.164062
4 0.437500 0.287891 0.140625 0.175781
4 0.411914 0.530273 0.126953 0.201172
4 0.375000 0.748828 0.109375 0.128906
4 0.271875 0.288086 0.140625 0.185547
4 0.249316 0.527344 0.161133 0.132812
4 0.239258 0.748828 0.119141 0.160156
4 0.097461 0.288086 0.154297 0.216797
4 0.082617 0.528516 0.130859 0.160156
4 0.088477 0.749609 0.142578 0.183594
