1 0.236914 0.150977 0.126953 0.205078
1 0.346289 0.146289 0.142578 0.220703
1 0.454688 0.138672 0.140625 0.230469
1 0.581445 0.126953 0.119141 0.222656
1 0.734180 0.129883 0.146484 0.212891
1 0.059570 0.374609 0.119141 0.261719
1 0.650977 0.363672 0.158203 0.261719
1 0.779687 0.353125 0.156250 0.265625
1 0.064453 0.809180 0.128906 0.380859
1 0.240625 0.791797 0.265625 0.417969
1 0.483789 0.788477 0.251953 0.423828
0 0.865234 0.134375 0.136719 0.218750
0 0.964844 0.134375 0.070312 0.218750
0 0.933008 0.356445 0.134766 0.244141
1 0.754687 0.796289 0.265625 0.408203
1 0.932422 0.780859 0.136719 0.402344
1 0.333398 0.372656 0.169922 0.257812
1 0.190039 0.371875 0.189453 0.265625
1 0.497656 0.365625 0.164062 0.265625
1 0.116992 0.160156 0.146484 0.210938
