4 0.899805 0.674316 0.193359 0.176758
4 0.840820 0.526270 0.259766 0.243164
4 0.812500 0.635156 0.187500 0.164062
4 0.886133 0.455469 0.166016 0.195312
4 0.828711 0.341992 0.216797 0.208984
4 0.678516 0.318555 0.253906 0.162109
4 0.497852 0.279492 0.158203 0.083984
4 0.349512 0.286328 0.155273 0.097656
4 0.317969 0.369336 0.179688 0.216797
4 0.199023 0.358105 0.185547 0.209961
4 0.132812 0.462793 0.265625 0.116211
4 0.132617 0.462793 0.115234 0.116211
4 0.127344 0.306543 0.242188 0.131836
4 0.084961 0.596094 0.138672 0.226562
4 0.226172 0.520898 0.199219 0.107422
4 0.249805 0.666211 0.255859 0.185547
4 0.372656 0.729004 0.132812 0.067383
4 0.624414 0.631641 0.142578 0.191406
4 0.760840 0.727930 0.174805 0.068359
4 0.725488 0.641992 0.110352 0.146484
