2 0.888281 0.267578 0.148438 0.425781
2 0.870508 0.731836 0.134766 0.451172
2 0.742773 0.683984 0.138672 0.417969
2 0.753516 0.266016 0.144531 0.410156
2 0.628906 0.267969 0.132812 0.445312
2 0.613281 0.750391 0.132812 0.472656
2 0.499023 0.282227 0.138672 0.408203
2 0.498047 0.714844 0.136719 0.414062
2 0.364844 0.277734 0.132812 0.433594
2 0.377344 0.707812 0.117188 0.421875
2 0.256250 0.763281 0.140625 0.429688
2 0.246875 0.309570 0.125000 0.416016
2 0.119141 0.281250 0.144531 0.437500
2 0.121484 0.752539 0.136719 0.470703
