0 0.392188 0.588184 0.078125 0.166992
0 0.347656 0.597949 0.070312 0.155273
0 0.795327 0.293027 0.175030 0.232928
0 0.690538 0.321627 0.140450 0.205753
0 0.610220 0.358177 0.129814 0.200728
0 0.525745 0.383241 0.117116 0.182108
0 0.460702 0.407080 0.102653 0.167284
0 0.401100 0.426988 0.095950 0.160227
0 0.351505 0.443367 0.081134 0.146109
0 0.306848 0.459948 0.076195 0.135522
0 0.688437 0.175151 0.142498 0.097177
0 0.601477 0.192469 0.124828 0.134937
0 0.523872 0.213826 0.103994 0.174527
0 0.468414 0.248388 0.105578 0.162402
0 0.410121 0.274841 0.092117 0.146558
0 0.360555 0.302144 0.083609 0.135538
0 0.307265 0.323852 0.073905 0.135203
0 0.823828 0.758887 0.175781 0.233398
0 0.694922 0.760645 0.121094 0.227539
0 0.601172 0.763965 0.105469 0.206055
0 0.522266 0.763379 0.097656 0.192383
0 0.808398 0.522754 0.169922 0.239258
0 0.687891 0.535840 0.128906 0.221680
0 0.599609 0.562402 0.121094 0.206055
0 0.516992 0.571387 0.099609 0.186523
0 0.449023 0.581934 0.091797 0.182617
0 0.304492 0.605566 0.068359 0.145508
