0 0.105273 0.258594 0.138672 0.351562
0 0.248633 0.255469 0.150391 0.351562
0 0.384375 0.256836 0.156250 0.373047
0 0.533789 0.255273 0.142578 0.357422
0 0.679492 0.256836 0.146484 0.373047
0 0.817187 0.250977 0.140625 0.361328
0 0.938086 0.248633 0.123047 0.369141
0 0.064453 0.763477 0.128906 0.298828
0 0.169531 0.769141 0.132812 0.300781
0 0.290039 0.770117 0.126953 0.302734
0 0.386328 0.761523 0.097656 0.310547
0 0.481445 0.775391 0.103516 0.316406
0 0.588477 0.775977 0.111328 0.298828
0 0.705859 0.778320 0.121094 0.306641
0 0.819141 0.785156 0.128906 0.304688
0 0.934180 0.787695 0.130859 0.306641
