2 0.131445 0.582812 0.181641 0.562500
2 0.282617 0.787402 0.177734 0.409180
2 0.533203 0.772070 0.175781 0.431641
2 0.790430 0.726074 0.162109 0.530273
2 0.871094 0.521484 0.179688 0.542969
2 0.613281 0.552051 0.179688 0.547852
2 0.379883 0.549805 0.181641 0.568359
2 0.221094 0.366113 0.164062 0.438477
2 0.208398 0.147559 0.169922 0.276367
2 0.492578 0.354297 0.160156 0.417969
2 0.410742 0.166113 0.130859 0.219727
2 0.728320 0.316504 0.150391 0.442383
2 0.609961 0.147363 0.138672 0.282227
2 0.821680 0.183691 0.130859 0.348633
