5 0.208789 0.369727 0.267578 0.298828
5 0.298242 0.336328 0.240234 0.332031
5 0.136719 0.497363 0.273438 0.110352
5 0.234180 0.573242 0.396484 0.177734
5 0.090234 0.396777 0.167969 0.096680
5 0.060547 0.330566 0.121094 0.083008
5 0.261523 0.677734 0.419922 0.152344
5 0.270117 0.804297 0.302734 0.121094
5 0.296387 0.887695 0.389648 0.166016
5 0.322266 0.914648 0.394531 0.169922
5 0.628320 0.729004 0.416016 0.208008
5 0.650195 0.624902 0.369141 0.190430
5 0.624023 0.537598 0.388672 0.184570
5 0.872461 0.516211 0.201172 0.154297
5 0.930273 0.499609 0.138672 0.183594
5 0.901172 0.667090 0.199219 0.096680
5 0.902930 0.586426 0.193359 0.079102
