2 0.472656 0.076172 0.414062 0.152344
2 0.164062 0.305273 0.203125 0.388672
2 0.150195 0.704492 0.134766 0.380859
2 0.468359 0.180664 0.230469 0.111328
2 0.698047 0.209570 0.214844 0.166016
2 0.650977 0.316797 0.361328 0.167969
2 0.370898 0.374023 0.341797 0.248047
2 0.406250 0.289844 0.218750 0.164062
2 0.674219 0.428320 0.382812 0.181641
2 0.385352 0.537695 0.376953 0.134766
2 0.733398 0.556445 0.373047 0.181641
2 0.765039 0.684570 0.361328 0.244141
2 0.725977 0.800781 0.314453 0.304688
2 0.387109 0.643164 0.371094 0.126953
2 0.399414 0.780273 0.376953 0.154297
2 0.467187 0.884180 0.359375 0.177734
