4 0.891699 0.285938 0.217773 0.312500
4 0.849512 0.074219 0.233398 0.148438
4 0.583008 0.427344 0.525391 0.554688
4 0.832324 0.528027 0.295898 0.377930
4 0.920801 0.577539 0.157227 0.267578
4 0.771582 0.897852 0.430664 0.205078
4 0.360059 0.765625 0.354492 0.437500
4 0.521191 0.153320 0.333008 0.212891
4 0.345020 0.370508 0.165039 0.353516
4 0.295215 0.041016 0.471680 0.082031
4 0.245215 0.257617 0.112305 0.208984
4 0.137695 0.403906 0.275391 0.335938
4 0.188770 0.914648 0.290039 0.169922
4 0.052734 0.932422 0.105469 0.136719
4 0.643848 0.120117 0.293945 0.240234
