1 0.832422 0.676562 0.214844 0.140625
1 0.812891 0.802148 0.175781 0.138672
1 0.837891 0.242773 0.207031 0.154297
1 0.817969 0.087695 0.164062 0.166016
1 0.828906 0.403711 0.195312 0.138672
1 0.833008 0.535547 0.212891 0.152344
1 0.857812 0.925195 0.265625 0.150391
1 0.518945 0.053711 0.212891 0.107422
1 0.523242 0.182422 0.224609 0.167969
1 0.525977 0.337695 0.236328 0.166016
1 0.521289 0.489844 0.220703 0.164062
1 0.523438 0.639258 0.218750 0.166016
1 0.518555 0.784570 0.208984 0.166016
1 0.521094 0.932422 0.226562 0.136719
1 0.132227 0.757617 0.236328 0.146484
1 0.128906 0.614062 0.226562 0.156250
1 0.135547 0.475000 0.230469 0.156250
1 0.138086 0.330469 0.232422 0.164062
1 0.120703 0.171680 0.222656 0.177734
1 0.129102 0.889648 0.236328 0.154297
