0 0.910937 0.705859 0.140625 0.464844
0 0.781641 0.705078 0.144531 0.472656
0 0.656836 0.708008 0.123047 0.462891
0 0.538672 0.710352 0.121094 0.455078
0 0.423633 0.712305 0.119141 0.458984
0 0.305469 0.713867 0.117188 0.458984
0 0.189258 0.714648 0.119141 0.451172
0 0.069727 0.719141 0.126953 0.457031
0 0.895117 0.214648 0.099609 0.326172
0 0.807422 0.215820 0.089844 0.322266
0 0.720313 0.216406 0.093750 0.320312
0 0.630664 0.220117 0.095703 0.318359
0 0.535937 0.223242 0.093750 0.318359
0 0.435937 0.226953 0.093750 0.316406
0 0.349023 0.228516 0.091797 0.316406
0 0.267578 0.239063 0.082031 0.296875
0 0.144141 0.234766 0.113281 0.316406
0 0.045898 0.238281 0.091797 0.320312
