5 0.677539 0.741797 0.158203 0.308594
5 0.613672 0.393359 0.199219 0.402344
5 0.446680 0.083984 0.396484 0.167969
5 0.422266 0.358984 0.316406 0.386719
5 0.394434 0.633398 0.260742 0.373047
5 0.198047 0.244141 0.199219 0.425781
5 0.099609 0.501563 0.199219 0.140625
5 0.057617 0.655078 0.115234 0.160156
5 0.331641 0.774805 0.316406 0.318359
5 0.228125 0.848242 0.328125 0.302734
5 0.036230 0.825000 0.069336 0.140625
5 0.113281 0.952539 0.226562 0.095703
5 0.025391 0.391016 0.050781 0.097656
5 0.039062 0.187500 0.078125 0.171875
5 0.027344 0.049805 0.054688 0.099609
5 0.482227 0.917383 0.205078 0.166016
5 0.654883 0.968164 0.150391 0.064453
