2 0.888672 0.747070 0.214844 0.478516
2 0.671680 0.757227 0.208984 0.470703
2 0.352539 0.713574 0.095703 0.202148
2 0.251953 0.711914 0.082031 0.205078
2 0.144141 0.715625 0.097656 0.203125
2 0.404297 0.782813 0.074219 0.187500
2 0.295508 0.788086 0.072266 0.201172
2 0.188086 0.773047 0.076172 0.199219
2 0.089844 0.775098 0.070312 0.200195
2 0.919727 0.249316 0.158203 0.379883
2 0.775977 0.253320 0.158203 0.384766
2 0.608984 0.261328 0.183594 0.378906
2 0.397266 0.212305 0.175781 0.365234
2 0.247656 0.220605 0.148438 0.366211
2 0.093555 0.225195 0.162109 0.369141
