6 0.965430 0.401953 0.068359 0.222656
6 0.890625 0.401172 0.093750 0.230469
6 0.798438 0.399023 0.093750 0.232422
6 0.701172 0.398438 0.105469 0.234375
6 0.601367 0.396289 0.099609 0.236328
6 0.502539 0.396289 0.095703 0.236328
6 0.406641 0.393164 0.097656 0.236328
6 0.304297 0.394336 0.105469 0.232422
6 0.204102 0.391016 0.095703 0.238281
6 0.108789 0.390625 0.095703 0.234375
6 0.163672 0.731836 0.105469 0.263672
6 0.249414 0.746094 0.111328 0.257812
6 0.358398 0.746094 0.107422 0.257812
6 0.466211 0.746680 0.107422 0.255859
6 0.583008 0.741016 0.103516 0.253906
6 0.691211 0.744727 0.107422 0.251953
6 0.797852 0.747852 0.111328 0.251953
6 0.907031 0.749414 0.117188 0.251953
6 0.979297 0.750000 0.042969 0.250000
