5 0.164648 0.603516 0.216797 0.316406
5 0.383789 0.561133 0.173828 0.291016
5 0.553711 0.563867 0.310547 0.287109
5 0.572656 0.428320 0.304688 0.212891
5 0.341602 0.326562 0.298828 0.078125
5 0.845117 0.452734 0.240234 0.183594
5 0.660156 0.368750 0.273438 0.203125
5 0.960938 0.346484 0.078125 0.183594
5 0.776953 0.318750 0.207031 0.109375
5 0.476172 0.248633 0.261719 0.072266
5 0.382812 0.218164 0.250000 0.064453
5 0.608984 0.217578 0.121094 0.097656
5 0.737109 0.213672 0.199219 0.121094
5 0.863672 0.266992 0.152344 0.099609
5 0.372461 0.168066 0.201172 0.051758
5 0.408203 0.161719 0.222656 0.085938
5 0.730273 0.351562 0.248047 0.156250
5 0.734180 0.173437 0.224609 0.078125
5 0.642383 0.134375 0.181641 0.062500
5 0.374609 0.293555 0.292969 0.083984
