1 0.539623 0.870449 0.122995 0.197148
1 0.971484 0.857812 0.058594 0.187500
1 0.902344 0.859961 0.148438 0.185547
1 0.410742 0.883203 0.130859 0.191406
1 0.286133 0.879492 0.134766 0.177734
1 0.165820 0.881836 0.134766 0.169922
1 0.056250 0.872461 0.109375 0.154297
1 0.940820 0.618945 0.119141 0.150391
1 0.839258 0.616797 0.150391 0.136719
1 0.640625 0.628711 0.140625 0.154297
1 0.199023 0.635352 0.107422 0.126953
1 0.089844 0.639062 0.117188 0.125000
1 0.023438 0.652148 0.046875 0.123047
1 0.603320 0.442969 0.134766 0.148438
1 0.475391 0.448828 0.128906 0.144531
1 0.352344 0.435547 0.085938 0.105469
1 0.170508 0.441797 0.103516 0.105469
1 0.060352 0.451562 0.095703 0.093750
1 0.036133 0.436133 0.072266 0.087891
1 0.971484 0.233984 0.058594 0.074219
1 0.904883 0.251367 0.103516 0.115234
1 0.826758 0.252539 0.103516 0.111328
1 0.727148 0.257422 0.107422 0.121094
1 0.658789 0.262305 0.095703 0.115234
1 0.573633 0.265234 0.087891 0.121094
1 0.487109 0.268359 0.089844 0.121094
1 0.404687 0.273242 0.093750 0.115234
1 0.307617 0.273047 0.099609 0.105469
1 0.210742 0.277148 0.099609 0.107422
1 0.120703 0.285547 0.097656 0.121094
1 0.038086 0.284766 0.076172 0.097656
1 0.222656 0.467187 0.085938 0.125000
1 0.783203 0.866016 0.128906 0.175781
1 0.652734 0.871484 0.121094 0.183594
