1 0.483984 0.187500 0.230469 0.093750
1 0.780859 0.192188 0.308594 0.093750
1 0.766211 0.267188 0.294922 0.093750
1 0.858203 0.563867 0.285156 0.130859
1 0.146484 0.827539 0.292969 0.111328
1 0.127930 0.758203 0.255859 0.082031
1 0.137305 0.892578 0.240234 0.066406
1 0.428125 0.751563 0.265625 0.062500
1 0.523242 0.855078 0.146484 0.066406
1 0.717578 0.829102 0.253906 0.095703
1 0.692187 0.760352 0.265625 0.095703
1 0.914062 0.812109 0.171875 0.058594
1 0.894531 0.720508 0.210938 0.072266
1 0.495508 0.258398 0.259766 0.076172
1 0.501953 0.573047 0.332031 0.136719
1 0.169922 0.574023 0.339844 0.154297
