4 0.304102 0.776758 0.392578 0.447266
2 0.838672 0.836719 0.324219 0.179688
2 0.680664 0.936914 0.173828 0.126953
2 0.553320 0.944141 0.119141 0.113281
2 0.433984 0.938086 0.121094 0.123047
2 0.120117 0.897266 0.240234 0.207031
2 0.183008 0.859766 0.212891 0.191406
2 0.094727 0.699805 0.189453 0.130859
2 0.572852 0.783008 0.205078 0.181641
2 0.632812 0.657031 0.281250 0.179688
2 0.850391 0.676758 0.300781 0.134766
2 0.157227 0.433008 0.314453 0.166016
2 0.571094 0.326562 0.351562 0.140625
2 0.871680 0.253320 0.255859 0.197266
2 0.684961 0.095703 0.357422 0.191406
2 0.342383 0.242969 0.603516 0.273438
2 0.406055 0.520898 0.271484 0.201172
3 0.520117 0.474023 0.349609 0.248047
2 0.959766 0.507617 0.082031 0.177734
