2 0.812500 0.863281 0.212500 0.114062
2 0.103125 0.320312 0.206250 0.078125
2 0.394531 0.537500 0.323437 0.087500
2 0.357031 0.035156 0.157812 0.067187
2 0.075000 0.853125 0.150000 0.100000
2 0.099255 0.784216 0.198509 0.140308
2 0.313155 0.689991 0.085684 0.161231
2 0.697788 0.690077 0.151825 0.230153
2 0.823402 0.705279 0.199930 0.204308
2 0.745438 0.346716 0.350252 0.140308
2 0.706371 0.090308 0.112742 0.180616
2 0.541678 0.034308 0.223981 0.068616
2 0.545277 0.116087 0.199930 0.100923
2 0.406117 0.298663 0.284109 0.091077
2 0.438733 0.407645 0.333716 0.221539
2 0.496524 0.617437 0.255548 0.288000
2 0.516441 0.759250 0.236006 0.256000
2 0.686991 0.533351 0.223981 0.251077
2 0.408491 0.904572 0.282606 0.174769
2 0.687270 0.955091 0.368291 0.088308
2 0.299253 0.892861 0.236006 0.213847
2 0.173203 0.553634 0.130781 0.094769
2 0.194191 0.217548 0.294633 0.153847
2 0.468496 0.183884 0.171367 0.142769
2 0.845652 0.559779 0.141303 0.188308
2 0.192211 0.709404 0.196922 0.156308
2 0.144189 0.732942 0.175878 0.103384
