6 0.744727 0.051758 0.314453 0.103516
6 0.748828 0.164844 0.316406 0.148438
6 0.750391 0.305273 0.316406 0.154297
6 0.753320 0.454102 0.322266 0.142578
6 0.754492 0.594336 0.318359 0.138672
6 0.756641 0.733398 0.316406 0.138672
6 0.757812 0.882617 0.312500 0.162109
6 0.197656 0.111328 0.273438 0.160156
6 0.200195 0.250391 0.275391 0.144531
6 0.200781 0.382227 0.273438 0.142578
6 0.207422 0.516016 0.277344 0.128906
6 0.208984 0.643359 0.277344 0.136719
6 0.207617 0.779687 0.271484 0.140625
6 0.213281 0.908984 0.273438 0.152344
