0 0.074805 0.204883 0.099609 0.259766
0 0.105273 0.547656 0.107422 0.257812
0 0.206445 0.555273 0.087891 0.263672
0 0.289062 0.560547 0.078125 0.261719
0 0.423438 0.520508 0.093750 0.181641
0 0.553125 0.582422 0.078125 0.261719
0 0.648047 0.595313 0.121094 0.265625
0 0.773047 0.608398 0.136719 0.263672
0 0.912695 0.619141 0.150391 0.269531
0 0.062891 0.901172 0.082031 0.199219
0 0.130859 0.905078 0.074219 0.191406
0 0.201172 0.908984 0.074219 0.183594
0 0.277148 0.912891 0.076172 0.175781
0 0.363281 0.882227 0.101562 0.236328
0 0.458789 0.886719 0.095703 0.226562
0 0.556250 0.894531 0.109375 0.210938
0 0.657617 0.899023 0.099609 0.201172
0 0.742773 0.933008 0.091797 0.134766
0 0.856055 0.928516 0.146484 0.144531
