0 0.044922 0.334766 0.089844 0.332031
0 0.134766 0.343359 0.128906 0.277344
0 0.243945 0.329883 0.119141 0.259766
0 0.353125 0.327148 0.109375 0.263672
0 0.458008 0.323828 0.103516 0.269531
0 0.563281 0.328711 0.101562 0.263672
0 0.674609 0.328125 0.105469 0.265625
0 0.783203 0.325195 0.113281 0.259766
0 0.883594 0.324219 0.101562 0.273438
0 0.961523 0.332031 0.076172 0.242188
0 0.092773 0.814844 0.138672 0.257812
0 0.213281 0.814844 0.132812 0.257812
0 0.357422 0.802734 0.121094 0.261719
0 0.476367 0.812109 0.099609 0.246094
0 0.583594 0.813086 0.101562 0.248047
0 0.689258 0.811523 0.103516 0.248047
0 0.804492 0.818164 0.115234 0.251953
0 0.927539 0.838672 0.111328 0.214844
