2 0.087945 0.345777 0.175889 0.425930
2 0.296840 0.486942 0.593680 0.258259
2 0.217612 0.423693 0.385225 0.447386
0 0.360971 0.857443 0.146942 0.280511
0 0.281232 0.712255 0.331214 0.202634
0 0.342312 0.580157 0.253375 0.194689
2 0.681638 0.779813 0.638277 0.200252
2 0.853914 0.440925 0.239078 0.359975
2 0.699708 0.173755 0.202541 0.269384
2 0.530802 0.228733 0.183478 0.257466
2 0.432787 0.248755 0.187450 0.269384
2 0.275248 0.186170 0.125495 0.194216
2 0.690820 0.393555 0.197266 0.333984
2 0.682422 0.605859 0.433594 0.183594
