1 0.053125 0.926562 0.106250 0.146875
1 0.060937 0.785937 0.121875 0.175000
1 0.050000 0.491406 0.100000 0.207813
1 0.066406 0.639062 0.129688 0.175000
1 0.056250 0.331250 0.112500 0.134375
1 0.061719 0.194531 0.114062 0.135937
1 0.062500 0.073438 0.125000 0.146875
1 0.289062 0.921094 0.259375 0.157812
1 0.282031 0.765625 0.239063 0.203125
1 0.277344 0.614844 0.198437 0.132812
1 0.278906 0.502344 0.239063 0.173437
1 0.281250 0.348438 0.234375 0.150000
1 0.279687 0.212500 0.225000 0.143750
1 0.286719 0.077344 0.264062 0.151562
1 0.554688 0.957812 0.200000 0.084375
1 0.528906 0.840625 0.201563 0.193750
1 0.542969 0.703125 0.210938 0.143750
1 0.531250 0.564844 0.196875 0.179688
1 0.545312 0.455469 0.203125 0.129688
1 0.535156 0.328906 0.214062 0.160938
1 0.540625 0.182812 0.203125 0.140625
1 0.739844 0.042969 0.120313 0.082812
1 0.785937 0.142187 0.165625 0.137500
1 0.775000 0.248438 0.146875 0.109375
1 0.771875 0.363281 0.168750 0.145313
1 0.779687 0.490625 0.128125 0.153125
1 0.772656 0.595313 0.132812 0.137500
1 0.787500 0.718750 0.137500 0.125000
1 0.785937 0.835938 0.153125 0.125000
1 0.785937 0.941406 0.121875 0.117188
