5 0.265430 0.775781 0.396484 0.195312
5 0.249805 0.591602 0.287109 0.126953
5 0.608398 0.661523 0.310547 0.154297
5 0.680664 0.542383 0.267578 0.103516
5 0.891992 0.540039 0.177734 0.236328
5 0.483984 0.514062 0.246094 0.187500
5 0.199023 0.444922 0.123047 0.183594
5 0.362305 0.447070 0.208984 0.181641
5 0.592383 0.431055 0.275391 0.099609
5 0.758789 0.387500 0.173828 0.171875
5 0.302344 0.347070 0.210938 0.087891
5 0.401367 0.358203 0.208984 0.128906
5 0.541602 0.335352 0.111328 0.095703
5 0.645117 0.304297 0.146484 0.074219
5 0.660156 0.241602 0.210938 0.064453
5 0.268555 0.294531 0.146484 0.070312
5 0.427539 0.258398 0.173828 0.091797
5 0.508789 0.216211 0.189453 0.060547
5 0.359961 0.199609 0.154297 0.089844
