1 0.044531 0.246875 0.085938 0.300000
1 0.119531 0.249219 0.182812 0.320312
1 0.279687 0.226562 0.225000 0.321875
1 0.425781 0.269531 0.217188 0.301563
1 0.628906 0.254688 0.201563 0.315625
1 0.785156 0.250781 0.176563 0.267188
1 0.939063 0.268750 0.121875 0.215625
1 0.078125 0.596094 0.156250 0.295312
1 0.187500 0.610938 0.112500 0.243750
1 0.287500 0.611719 0.146875 0.251563
1 0.392188 0.617188 0.181250 0.256250
1 0.536719 0.601562 0.189062 0.287500
1 0.692187 0.594531 0.165625 0.301563
1 0.847656 0.597656 0.173437 0.273438
1 0.939844 0.595313 0.120313 0.253125
1 0.156250 0.888281 0.168750 0.223438
1 0.356250 0.891406 0.212500 0.217188
1 0.554688 0.901563 0.212500 0.196875
1 0.741406 0.903125 0.201563 0.193750
1 0.936719 0.903125 0.126562 0.193750
