6 0.058594 0.082422 0.023438 0.121094
6 0.081445 0.082422 0.025391 0.121094
6 0.099023 0.081641 0.029297 0.128906
6 0.139648 0.085547 0.060547 0.136719
6 0.185938 0.089648 0.031250 0.138672
6 0.212500 0.088477 0.031250 0.142578
6 0.248047 0.090234 0.042969 0.152344
6 0.287500 0.091602 0.046875 0.158203
6 0.329883 0.086914 0.056641 0.173828
6 0.380273 0.088867 0.060547 0.177734
6 0.433984 0.061523 0.058594 0.123047
6 0.518945 0.098633 0.119141 0.197266
6 0.649414 0.105469 0.111328 0.210938
6 0.744141 0.110352 0.128906 0.220703
6 0.877344 0.127930 0.195312 0.255859
6 0.755859 0.578125 0.183594 0.250000
6 0.833398 0.545898 0.138672 0.201172
6 0.646094 0.528711 0.132812 0.216797
6 0.577734 0.455664 0.121094 0.142578
6 0.502734 0.453906 0.074219 0.179688
6 0.441016 0.421680 0.066406 0.130859
6 0.394531 0.423633 0.070312 0.166016
6 0.350977 0.410547 0.064453 0.167969
6 0.304492 0.394141 0.052734 0.160156
6 0.265039 0.380273 0.048828 0.154297
6 0.229883 0.364844 0.041016 0.148438
6 0.099023 0.312109 0.029297 0.121094
6 0.117773 0.321289 0.029297 0.126953
6 0.144141 0.330469 0.035156 0.132812
6 0.166797 0.340820 0.027344 0.134766
6 0.195312 0.351367 0.046875 0.146484
6 0.067773 0.272852 0.060547 0.095703
6 0.068750 0.478125 0.046875 0.078125
6 0.109375 0.527930 0.062500 0.130859
6 0.137109 0.546484 0.058594 0.136719
6 0.164062 0.567773 0.062500 0.138672
6 0.189258 0.585352 0.056641 0.142578
6 0.211523 0.604297 0.060547 0.152344
6 0.245117 0.625391 0.068359 0.160156
6 0.278906 0.648047 0.070312 0.167969
6 0.307227 0.675586 0.064453 0.169922
6 0.351953 0.697852 0.082031 0.173828
6 0.379688 0.733789 0.078125 0.189453
6 0.437305 0.767188 0.083984 0.203125
6 0.491797 0.802734 0.105469 0.214844
6 0.551172 0.839453 0.121094 0.222656
6 0.599609 0.886133 0.121094 0.228516
6 0.687109 0.906836 0.152344 0.185547
6 0.753320 0.897266 0.119141 0.207031
6 0.662500 0.786523 0.109375 0.060547
6 0.707031 0.765234 0.101562 0.058594
6 0.486914 0.674609 0.080078 0.042969
6 0.547461 0.703125 0.091797 0.046875
6 0.605469 0.739844 0.101562 0.054688
6 0.422852 0.649805 0.080078 0.037109
6 0.327930 0.571875 0.068359 0.031250
6 0.402344 0.618164 0.070312 0.033203
6 0.351953 0.598437 0.066406 0.031250
6 0.054102 0.685156 0.064453 0.101562
6 0.082031 0.683984 0.054688 0.058594
6 0.100195 0.711914 0.056641 0.064453
6 0.120898 0.759180 0.060547 0.115234
6 0.141406 0.800195 0.054688 0.103516
6 0.174609 0.826562 0.058594 0.109375
6 0.198633 0.849609 0.056641 0.105469
6 0.216797 0.876367 0.058594 0.099609
6 0.245508 0.897461 0.072266 0.091797
6 0.282617 0.941406 0.068359 0.117188
6 0.393555 0.975977 0.083984 0.048828
6 0.355469 0.945117 0.070312 0.083984
1 0.891211 0.709766 0.216797 0.191406
1 0.944727 0.643359 0.111328 0.136719
