5 0.188477 0.700781 0.267578 0.195312
5 0.094727 0.377930 0.080078 0.240234
5 0.184180 0.523828 0.068359 0.238281
5 0.258789 0.332031 0.095703 0.257812
5 0.326953 0.592578 0.113281 0.253906
5 0.461523 0.278320 0.185547 0.275391
5 0.348047 0.299219 0.074219 0.257812
5 0.389648 0.672656 0.138672 0.257812
5 0.556250 0.781836 0.296875 0.185547
5 0.617969 0.702148 0.273438 0.154297
5 0.541992 0.547266 0.224609 0.207031
5 0.552344 0.350195 0.164062 0.275391
5 0.798242 0.175391 0.349609 0.113281
5 0.761133 0.312500 0.275391 0.218750
5 0.710547 0.454102 0.214844 0.251953
5 0.653906 0.558203 0.195312 0.253906
