4 0.041016 0.152930 0.082031 0.099609
4 0.117773 0.188477 0.091797 0.064453
4 0.158594 0.182031 0.101562 0.132812
4 0.219727 0.219727 0.080078 0.048828
4 0.374609 0.236328 0.074219 0.128906
4 0.357031 0.167578 0.117188 0.113281
4 0.454492 0.206055 0.068359 0.052734
4 0.681641 0.163672 0.128906 0.105469
4 0.858789 0.187500 0.111328 0.078125
4 0.708984 0.323242 0.230469 0.177734
4 0.682617 0.435156 0.162109 0.148438
4 0.852344 0.406836 0.101562 0.107422
4 0.391406 0.353125 0.085938 0.062500
4 0.370117 0.305469 0.146484 0.070312
4 0.438086 0.424414 0.123047 0.126953
4 0.477148 0.339453 0.076172 0.082031
4 0.542969 0.454102 0.101562 0.095703
4 0.553320 0.383594 0.072266 0.070312
4 0.527148 0.393359 0.123047 0.089844
4 0.119531 0.272852 0.179688 0.080078
4 0.052148 0.219141 0.091797 0.050781
4 0.213477 0.328125 0.189453 0.156250
4 0.184180 0.491211 0.208984 0.107422
4 0.807031 0.531055 0.164062 0.083984
4 0.166797 0.583008 0.214844 0.103516
4 0.481445 0.506836 0.119141 0.138672
4 0.360938 0.467383 0.062500 0.056641
4 0.418359 0.632227 0.246094 0.220703
4 0.323047 0.675586 0.199219 0.216797
4 0.711719 0.722656 0.335938 0.273438
4 0.160742 0.785156 0.193359 0.101562
4 0.170313 0.839453 0.125000 0.097656
4 0.181641 0.884375 0.144531 0.187500
4 0.333398 0.960938 0.091797 0.078125
4 0.679688 0.895898 0.093750 0.123047
6 0.505469 0.823242 0.117188 0.099609
6 0.732227 0.611914 0.111328 0.064453
6 0.855273 0.679688 0.107422 0.046875
6 0.860742 0.567383 0.115234 0.056641
6 0.620117 0.459961 0.083984 0.060547
2 0.840234 0.294336 0.074219 0.107422
6 0.573828 0.315430 0.050781 0.068359
1 0.416992 0.212305 0.037109 0.037109
3 0.326953 0.397852 0.113281 0.064453
1 0.927734 0.531250 0.105469 0.046875
1 0.979297 0.345703 0.042969 0.050781
6 0.947656 0.721289 0.101562 0.095703
4 0.450781 0.987695 0.085938 0.025391
