6 0.155273 0.348438 0.138672 0.296875
6 0.274805 0.343750 0.130859 0.296875
6 0.397852 0.340625 0.126953 0.296875
6 0.634570 0.332813 0.119141 0.296875
6 0.871875 0.325000 0.125000 0.296875
6 0.545703 0.729102 0.113281 0.267578
6 0.652734 0.732031 0.105469 0.257812
6 0.759375 0.725977 0.109375 0.267578
6 0.867188 0.718164 0.109375 0.267578
6 0.752344 0.328125 0.117188 0.296875
6 0.518945 0.335938 0.119141 0.296875
6 0.128320 0.718750 0.119141 0.218750
6 0.227344 0.717578 0.117188 0.222656
6 0.054688 0.350000 0.109375 0.296875
