4 0.905078 0.541504 0.191406 0.301758
4 0.511328 0.432715 0.644531 0.440430
4 0.442188 0.638184 0.296875 0.385742
4 0.185547 0.590918 0.371094 0.475586
4 0.101074 0.754102 0.202148 0.158203
4 0.608984 0.730078 0.292969 0.207031
4 0.708008 0.783105 0.166016 0.100586
4 0.547266 0.519922 0.363281 0.246094
4 0.834766 0.319141 0.332031 0.191406
4 0.901172 0.329297 0.199219 0.074219
4 0.642969 0.239063 0.257812 0.140625
4 0.785742 0.208203 0.427734 0.082031
4 0.290820 0.281445 0.134766 0.228516
4 0.359375 0.190625 0.187500 0.046875
4 0.121094 0.278027 0.242188 0.221680
4 0.869922 0.728418 0.261719 0.209961
