0 0.403906 0.694531 0.435937 0.173437
0 0.407031 0.514062 0.407813 0.162500
0 0.410156 0.349219 0.448437 0.167187
0 0.417969 0.200781 0.454688 0.142187
0 0.414062 0.832812 0.396875 0.084375
0 0.636719 0.626563 0.148438 0.053125
0 0.652344 0.569531 0.120313 0.054688
0 0.642188 0.685937 0.134375 0.053125
0 0.650781 0.747656 0.117188 0.064062
0 0.644531 0.806250 0.145313 0.059375
0 0.657031 0.514844 0.114062 0.057813
0 0.657813 0.453906 0.109375 0.054688
0 0.662500 0.399219 0.121875 0.070312
0 0.658594 0.341406 0.110937 0.060937
0 0.656250 0.283594 0.118750 0.070312
0 0.671094 0.227344 0.085938 0.064062
