6 0.039062 0.176758 0.078125 0.259766
6 0.128320 0.169922 0.119141 0.261719
6 0.239063 0.163086 0.125000 0.263672
6 0.354492 0.159180 0.130859 0.255859
6 0.472266 0.155078 0.128906 0.253906
6 0.590625 0.147461 0.125000 0.248047
6 0.711914 0.138477 0.126953 0.251953
6 0.829688 0.131250 0.125000 0.250000
6 0.941992 0.123633 0.115234 0.244141
6 0.055664 0.538867 0.111328 0.271484
6 0.161719 0.532031 0.132812 0.273438
6 0.286133 0.524219 0.134766 0.273438
6 0.401172 0.516016 0.089844 0.269531
6 0.506445 0.510156 0.134766 0.273438
6 0.628906 0.503320 0.132812 0.275391
6 0.749805 0.495508 0.130859 0.275391
6 0.867578 0.487695 0.128906 0.275391
6 0.059570 0.812500 0.119141 0.281250
6 0.173437 0.807227 0.125000 0.283203
6 0.300195 0.799805 0.134766 0.287109
6 0.407227 0.790625 0.095703 0.281250
6 0.514648 0.790820 0.138672 0.291016
6 0.636523 0.783984 0.138672 0.292969
6 0.757422 0.776172 0.136719 0.292969
6 0.877734 0.767969 0.136719 0.289062
