0 0.206445 0.108398 0.087891 0.216797
0 0.284180 0.107422 0.083984 0.214844
0 0.366016 0.107422 0.082031 0.214844
0 0.217188 0.324609 0.093750 0.214844
0 0.297461 0.320898 0.091797 0.216797
0 0.378320 0.323047 0.087891 0.214844
0 0.456641 0.322070 0.082031 0.212891
0 0.539453 0.318945 0.082031 0.212891
0 0.621680 0.318359 0.083984 0.214844
0 0.701758 0.317383 0.087891 0.212891
0 0.765430 0.316406 0.052734 0.210938
0 0.861914 0.314844 0.095703 0.210938
0 0.944922 0.312891 0.089844 0.207031
0 0.039062 0.875977 0.078125 0.173828
0 0.110937 0.868750 0.078125 0.171875
0 0.222461 0.873437 0.154297 0.171875
0 0.345117 0.877344 0.083984 0.164062
0 0.430078 0.872070 0.082031 0.166016
0 0.519141 0.877734 0.082031 0.167969
0 0.603516 0.872070 0.082031 0.166016
0 0.688867 0.874609 0.083984 0.167969
0 0.773828 0.875586 0.082031 0.169922
0 0.856055 0.877734 0.083984 0.167969
