5 0.185156 0.645508 0.273438 0.119141
5 0.183008 0.513672 0.275391 0.121094
5 0.181445 0.388281 0.275391 0.117188
5 0.175781 0.254297 0.273438 0.121094
5 0.170508 0.126953 0.275391 0.128906
5 0.493750 0.460352 0.140625 0.064453
5 0.775781 0.830469 0.132812 0.070312
5 0.769336 0.777148 0.138672 0.044922
5 0.768555 0.721289 0.130859 0.064453
5 0.766211 0.650391 0.138672 0.050781
5 0.736719 0.586523 0.195312 0.076172
5 0.746094 0.515625 0.179688 0.062500
5 0.712891 0.435156 0.160156 0.070312
5 0.746875 0.344336 0.171875 0.076172
5 0.738086 0.262305 0.154297 0.083984
5 0.738086 0.177539 0.154297 0.080078
5 0.500586 0.232031 0.138672 0.070312
