3 0.125586 0.125391 0.232422 0.175781
3 0.375781 0.128809 0.226562 0.166992
3 0.125000 0.375879 0.250000 0.129883
3 0.380664 0.395605 0.205078 0.147461
3 0.747852 0.256348 0.439453 0.465820
3 0.238672 0.709082 0.246094 0.133789
3 0.177539 0.673438 0.220703 0.125000
3 0.393945 0.741211 0.212891 0.123047
3 0.357227 0.704883 0.205078 0.134766
3 0.171680 0.870605 0.333984 0.084961
3 0.183398 0.811035 0.294922 0.075195
3 0.677148 0.645996 0.263672 0.104492
3 0.627734 0.728613 0.246094 0.110352
3 0.820117 0.840332 0.349609 0.149414
3 0.834570 0.754883 0.291016 0.150391
