5 0.912891 0.288086 0.175781 0.388672
5 0.771875 0.304492 0.078125 0.365234
0 0.304297 0.317969 0.136719 0.351562
0 0.420703 0.315820 0.128906 0.353516
0 0.543359 0.310547 0.121094 0.355469
0 0.667773 0.310156 0.123047 0.351562
0 0.763477 0.724609 0.126953 0.324219
0 0.470117 0.731836 0.130859 0.326172
0 0.190820 0.735840 0.134766 0.315430
0 0.062500 0.738867 0.125000 0.318359
0 0.060547 0.306055 0.121094 0.396484
0 0.159570 0.300391 0.150391 0.394531
0 0.627930 0.723926 0.115234 0.313477
0 0.891406 0.715625 0.132812 0.312500
0 0.317383 0.734668 0.119141 0.319336
