5 0.353320 0.895508 0.275391 0.181641
5 0.336328 0.790820 0.269531 0.166016
5 0.316016 0.640430 0.253906 0.115234
5 0.294531 0.516602 0.242188 0.095703
5 0.276367 0.391992 0.224609 0.099609
5 0.260742 0.268945 0.208984 0.103516
5 0.247461 0.190430 0.201172 0.083984
5 0.819336 0.773242 0.248047 0.146484
5 0.773047 0.657227 0.246094 0.111328
5 0.700195 0.504492 0.259766 0.115234
5 0.673438 0.586523 0.250000 0.107422
5 0.774023 0.833398 0.232422 0.138672
5 0.682227 0.394336 0.205078 0.107422
5 0.632227 0.321875 0.236328 0.093750
5 0.620117 0.241016 0.193359 0.066406
5 0.579688 0.168750 0.218750 0.078125
5 0.551367 0.095703 0.208984 0.082031
