5 0.854883 0.060547 0.291016 0.121094
5 0.862109 0.150391 0.277344 0.144531
5 0.867773 0.273047 0.263672 0.089844
5 0.875586 0.413086 0.248047 0.076172
5 0.894531 0.350391 0.210938 0.082031
5 0.902930 0.460742 0.193359 0.052734
5 0.906250 0.531055 0.187500 0.068359
5 0.908984 0.599023 0.183594 0.076172
5 0.528320 0.100391 0.400391 0.082031
5 0.457031 0.204492 0.507812 0.130859
5 0.588867 0.272266 0.333984 0.113281
5 0.574023 0.384766 0.373047 0.097656
5 0.583789 0.493555 0.361328 0.115234
5 0.621484 0.585938 0.355469 0.109375
5 0.639648 0.666406 0.341797 0.132812
5 0.641406 0.772070 0.335938 0.119141
5 0.280859 0.269336 0.417969 0.169922
5 0.405078 0.644922 0.394531 0.136719
5 0.453906 0.819922 0.398438 0.214844
5 0.482227 0.914062 0.376953 0.171875
5 0.231445 0.883398 0.462891 0.232422
