1 0.070312 0.115625 0.140625 0.215625
1 0.218750 0.124219 0.156250 0.198437
1 0.391406 0.115625 0.170313 0.187500
1 0.532813 0.115625 0.150000 0.200000
1 0.708594 0.107031 0.192188 0.189062
1 0.836719 0.125000 0.126562 0.193750
1 0.950000 0.107031 0.100000 0.210938
1 0.109375 0.442969 0.218750 0.320312
1 0.317969 0.454688 0.210938 0.334375
1 0.698438 0.428906 0.203125 0.285938
1 0.827344 0.481250 0.135937 0.193750
1 0.933594 0.473438 0.117188 0.203125
1 0.445312 0.813281 0.259375 0.232813
1 0.711719 0.852344 0.242188 0.210938
1 0.910937 0.857031 0.178125 0.251563
1 0.507812 0.413281 0.193750 0.329688
