3 0.871094 0.845313 0.210938 0.140625
3 0.620117 0.880664 0.224609 0.158203
3 0.249023 0.745898 0.498047 0.388672
3 0.623047 0.627539 0.246094 0.236328
3 0.876758 0.644141 0.244141 0.191406
3 0.605469 0.255273 0.179688 0.248047
3 0.605469 0.259180 0.179688 0.208984
3 0.795508 0.208984 0.337891 0.121094
3 0.854102 0.291309 0.283203 0.057617
3 0.825195 0.328906 0.259766 0.054688
3 0.377539 0.228418 0.220703 0.131836
3 0.344336 0.104883 0.123047 0.087891
3 0.138281 0.113281 0.260937 0.160938
3 0.134180 0.221777 0.177734 0.081055
