0 0.709766 0.576953 0.035156 0.097656
0 0.759180 0.576953 0.037109 0.097656
0 0.800391 0.576953 0.035156 0.097656
0 0.845508 0.576953 0.041016 0.097656
0 0.886133 0.577539 0.041016 0.095703
0 0.927734 0.578125 0.042969 0.093750
0 0.928125 0.290820 0.140625 0.306641
0 0.793750 0.276367 0.140625 0.333984
0 0.354297 0.826953 0.074219 0.144531
0 0.441797 0.826953 0.074219 0.144531
0 0.968359 0.578125 0.042969 0.093750
0 0.683594 0.825781 0.070312 0.151562
0 0.757031 0.837500 0.076563 0.146875
0 0.832031 0.836719 0.079687 0.151562
0 0.967187 0.817969 0.065625 0.192188
0 0.093164 0.274023 0.142578 0.326172
0 0.227148 0.275000 0.138672 0.328125
0 0.354883 0.275977 0.134766 0.330078
0 0.493164 0.276953 0.126953 0.332031
0 0.645508 0.276367 0.134766 0.333984
0 0.607051 0.828339 0.064102 0.147303
0 0.534742 0.827796 0.063234 0.143092
