5 0.643359 0.864258 0.167969 0.103516
5 0.481055 0.845117 0.208984 0.068359
5 0.277734 0.690430 0.246094 0.162109
5 0.317188 0.805469 0.234375 0.070312
5 0.570898 0.787695 0.185547 0.103516
5 0.700977 0.687500 0.236328 0.109375
5 0.741602 0.746680 0.158203 0.099609
5 0.817383 0.554102 0.134766 0.220703
5 0.760742 0.379492 0.302734 0.146484
5 0.746680 0.159766 0.412109 0.222656
5 0.643164 0.555664 0.220703 0.205078
5 0.601953 0.665430 0.222656 0.146484
5 0.456641 0.693750 0.128906 0.125000
5 0.332813 0.728320 0.171875 0.087891
5 0.223633 0.616797 0.197266 0.199219
5 0.399023 0.573633 0.294922 0.134766
5 0.514258 0.470703 0.259766 0.207031
5 0.311523 0.429492 0.279297 0.115234
5 0.087891 0.424414 0.175781 0.267578
5 0.389258 0.291406 0.322266 0.179688
