6 0.932031 0.834375 0.092188 0.203125
6 0.859375 0.831250 0.090625 0.212500
6 0.780469 0.847656 0.079687 0.217188
6 0.707031 0.835938 0.079687 0.184375
6 0.628125 0.845313 0.078125 0.190625
6 0.553906 0.842969 0.082812 0.195312
6 0.471094 0.838281 0.082812 0.195312
6 0.401562 0.841406 0.075000 0.204687
6 0.331250 0.839063 0.075000 0.184375
6 0.252344 0.841406 0.098437 0.189062
6 0.180469 0.839063 0.095312 0.181250
6 0.114844 0.842969 0.098437 0.185938
6 0.042188 0.837500 0.084375 0.181250
6 0.887500 0.557813 0.081250 0.190625
6 0.816406 0.549219 0.070312 0.182812
6 0.753125 0.550781 0.071875 0.176563
6 0.687500 0.551562 0.075000 0.181250
6 0.617969 0.550000 0.085938 0.178125
6 0.550000 0.554688 0.081250 0.175000
6 0.487500 0.555469 0.068750 0.167187
6 0.417187 0.560937 0.075000 0.168750
6 0.359375 0.557031 0.071875 0.173437
6 0.291406 0.565625 0.079687 0.162500
6 0.235156 0.562500 0.073438 0.168750
6 0.167969 0.557031 0.073438 0.167187
6 0.104688 0.556250 0.078125 0.171875
6 0.046875 0.660156 0.090625 0.048438
6 0.043750 0.558594 0.065625 0.164062
6 0.973437 0.342187 0.053125 0.162500
6 0.921094 0.337500 0.104688 0.156250
6 0.905469 0.196094 0.070312 0.117188
6 0.964844 0.203906 0.070312 0.129688
6 0.642969 0.327344 0.076563 0.132812
6 0.713281 0.325000 0.064062 0.115625
6 0.767969 0.318750 0.073438 0.115625
6 0.844531 0.333594 0.082812 0.120313
6 0.648438 0.215625 0.071875 0.118750
6 0.710938 0.215625 0.081250 0.150000
6 0.772656 0.210156 0.073438 0.139063
6 0.835156 0.206250 0.079687 0.140625
6 0.582812 0.245312 0.109375 0.196875
6 0.492969 0.243750 0.085938 0.171875
6 0.402344 0.239063 0.089063 0.190625
6 0.317188 0.253906 0.081250 0.189062
6 0.225781 0.284375 0.110937 0.259375
6 0.134375 0.284375 0.106250 0.240625
6 0.053906 0.292969 0.104688 0.251563
