6 0.345117 0.099414 0.083984 0.173828
6 0.420312 0.097266 0.078125 0.175781
6 0.492773 0.095703 0.076172 0.175781
6 0.570312 0.094727 0.078125 0.173828
6 0.151367 0.395313 0.052734 0.140625
6 0.200977 0.394141 0.080078 0.144531
6 0.264648 0.392578 0.076172 0.144531
6 0.327734 0.391992 0.074219 0.146484
6 0.392578 0.390625 0.066406 0.140625
6 0.455664 0.391016 0.064453 0.144531
6 0.518164 0.389453 0.064453 0.144531
6 0.585352 0.386719 0.064453 0.148438
6 0.656250 0.386719 0.078125 0.148438
6 0.727344 0.385742 0.070312 0.146484
6 0.789648 0.385742 0.076172 0.146484
6 0.846484 0.385742 0.058594 0.146484
6 0.367188 0.290625 0.062500 0.046875
6 0.428711 0.289062 0.060547 0.046875
6 0.490234 0.288477 0.058594 0.048828
6 0.552148 0.286914 0.060547 0.048828
6 0.655078 0.284766 0.082031 0.050781
6 0.725391 0.283789 0.066406 0.048828
6 0.794336 0.282813 0.076172 0.046875
6 0.848242 0.282813 0.052734 0.046875
6 0.223438 0.619531 0.093750 0.148438
6 0.449219 0.615820 0.070312 0.150391
6 0.516992 0.615820 0.068359 0.150391
6 0.586719 0.615820 0.070312 0.150391
6 0.453516 0.521094 0.066406 0.039062
6 0.523242 0.521094 0.068359 0.039062
6 0.591406 0.521094 0.070312 0.039062
6 0.225195 0.843359 0.072266 0.152344
6 0.285742 0.843359 0.068359 0.152344
6 0.348633 0.843359 0.072266 0.152344
6 0.417773 0.837891 0.060547 0.160156
6 0.476562 0.838867 0.062500 0.162109
6 0.537500 0.838867 0.062500 0.162109
6 0.602539 0.840430 0.064453 0.162109
6 0.664453 0.839844 0.066406 0.164062
6 0.722656 0.839844 0.070312 0.164062
6 0.793555 0.839844 0.083984 0.164062
6 0.844336 0.839844 0.060547 0.164062
