4 0.271875 0.056641 0.296875 0.113281
4 0.156250 0.176758 0.312500 0.275391
4 0.428711 0.035156 0.138672 0.070312
4 0.377734 0.099512 0.152344 0.139648
4 0.356055 0.253906 0.224609 0.242188
4 0.088867 0.385254 0.177734 0.223633
4 0.139453 0.280859 0.097656 0.136719
4 0.251563 0.365234 0.187500 0.199219
4 0.376563 0.397949 0.234375 0.202148
4 0.460352 0.114746 0.080078 0.213867
4 0.460352 0.294238 0.080078 0.157227
4 0.633594 0.236133 0.257812 0.291016
4 0.632812 0.056641 0.203125 0.113281
4 0.867773 0.069336 0.263672 0.138672
4 0.925781 0.161230 0.148438 0.256836
4 0.824805 0.316016 0.271484 0.363281
4 0.722070 0.344141 0.134766 0.097656
4 0.637109 0.431934 0.199219 0.135742
4 0.945312 0.406250 0.109375 0.156250
4 0.289453 0.923340 0.097656 0.096680
4 0.100000 0.912500 0.078125 0.109375
4 0.166016 0.574219 0.222656 0.148438
4 0.332422 0.724609 0.105469 0.136719
4 0.356055 0.931934 0.068359 0.135742
4 0.089844 0.750000 0.101562 0.156250
4 0.416406 0.554492 0.101562 0.083984
4 0.449219 0.693359 0.101562 0.089844
4 0.200000 0.940918 0.062500 0.116211
4 0.650000 0.603027 0.171875 0.206055
4 0.536133 0.588867 0.103516 0.177734
4 0.724023 0.577148 0.248047 0.154297
4 0.894141 0.627051 0.175781 0.250977
4 0.793555 0.708496 0.162109 0.213867
4 0.788086 0.698730 0.138672 0.225586
4 0.828125 0.897266 0.343750 0.207031
4 0.847656 0.831055 0.304688 0.177734
4 0.632812 0.836035 0.265625 0.325195
4 0.960938 0.685449 0.078125 0.124023
