5 0.108203 0.307422 0.128906 0.277344
5 0.308008 0.344141 0.291016 0.191406
5 0.317969 0.205469 0.289062 0.148438
5 0.570117 0.202539 0.240234 0.111328
5 0.877539 0.296875 0.126953 0.250000
5 0.703125 0.293555 0.234375 0.130859
5 0.684180 0.456836 0.240234 0.185547
5 0.493945 0.376953 0.150391 0.238281
5 0.891992 0.549414 0.193359 0.251953
5 0.725586 0.581836 0.263672 0.169922
5 0.492773 0.591406 0.294922 0.101562
5 0.224219 0.578711 0.273438 0.154297
5 0.280078 0.775391 0.316406 0.191406
5 0.358984 0.718164 0.277344 0.173828
5 0.576562 0.708594 0.265625 0.164062
5 0.819336 0.774805 0.279297 0.099609
5 0.217383 0.453711 0.275391 0.091797
