5 0.696680 0.135352 0.255859 0.220703
5 0.715625 0.249414 0.218750 0.189453
5 0.512500 0.132422 0.250000 0.183594
5 0.320117 0.116992 0.208984 0.162109
5 0.437305 0.272852 0.208984 0.126953
5 0.257422 0.315820 0.167969 0.212891
5 0.709375 0.445312 0.234375 0.218750
5 0.734375 0.549805 0.218750 0.177734
5 0.777930 0.760156 0.115234 0.195312
5 0.530078 0.402148 0.128906 0.216797
5 0.631836 0.742773 0.201172 0.123047
5 0.565430 0.867773 0.208984 0.138672
5 0.581641 0.586328 0.238281 0.207031
5 0.483789 0.706641 0.205078 0.144531
5 0.402734 0.483984 0.199219 0.167969
5 0.373047 0.611328 0.183594 0.175781
5 0.316797 0.422852 0.246094 0.189453
5 0.247461 0.629883 0.123047 0.228516
5 0.306641 0.789062 0.207031 0.109375
5 0.347656 0.939844 0.242188 0.117188
