1 0.150391 0.726562 0.300781 0.421875
1 0.316211 0.674219 0.201172 0.445312
1 0.509180 0.699805 0.287109 0.458984
1 0.711914 0.754883 0.189453 0.462891
1 0.902344 0.784570 0.195312 0.431641
1 0.890039 0.281250 0.220703 0.515625
1 0.667383 0.254883 0.228516 0.509766
1 0.140039 0.311133 0.220703 0.431641
1 0.338867 0.305078 0.240234 0.472656
1 0.458398 0.241211 0.279297 0.466797
1 0.520508 0.102539 0.212891 0.205078
1 0.327539 0.906836 0.267578 0.185547
1 0.530273 0.871094 0.248047 0.257812
1 0.312305 0.061523 0.240234 0.123047
1 0.142578 0.093750 0.222656 0.187500
