6 0.660156 0.107813 0.170313 0.140625
6 0.521875 0.125000 0.171875 0.121875
6 0.374219 0.119531 0.142187 0.142187
6 0.203906 0.114062 0.189062 0.128125
6 0.203906 0.251563 0.170313 0.134375
6 0.370312 0.257031 0.175000 0.120313
6 0.531250 0.243750 0.184375 0.150000
6 0.690625 0.238281 0.153125 0.123438
6 0.877344 0.133594 0.157812 0.120313
6 0.859375 0.246094 0.153125 0.135937
6 0.846875 0.506250 0.156250 0.375000
6 0.931250 0.492188 0.115625 0.390625
6 0.684375 0.514062 0.150000 0.387500
6 0.532031 0.522656 0.157812 0.367188
6 0.386719 0.532813 0.157812 0.381250
6 0.246094 0.539844 0.195312 0.339062
6 0.059375 0.500000 0.118750 0.428125
6 0.050781 0.134375 0.098437 0.200000
6 0.061719 0.265625 0.120313 0.103125
