0 0.045898 0.181445 0.091797 0.259766
0 0.146875 0.189062 0.109375 0.250000
0 0.250586 0.190039 0.107422 0.251953
0 0.356836 0.192383 0.107422 0.259766
0 0.470117 0.197070 0.115234 0.259766
0 0.592383 0.195898 0.119141 0.263672
0 0.712695 0.202930 0.119141 0.255859
0 0.841602 0.175391 0.142578 0.316406
0 0.955859 0.188086 0.089844 0.294922
0 0.031250 0.501758 0.062500 0.212891
0 0.118750 0.502930 0.093750 0.208984
0 0.197266 0.527148 0.082031 0.169922
0 0.280859 0.529687 0.089844 0.171875
0 0.370508 0.533008 0.087891 0.166016
0 0.460742 0.533203 0.083984 0.160156
0 0.546680 0.534766 0.083984 0.160156
0 0.636133 0.535156 0.087891 0.164062
0 0.746094 0.536719 0.085938 0.164062
0 0.836328 0.539844 0.097656 0.164062
0 0.955859 0.515625 0.089844 0.218750
0 0.070898 0.819922 0.123047 0.246094
0 0.207031 0.836523 0.117188 0.279297
0 0.335742 0.827930 0.115234 0.255859
0 0.448633 0.829102 0.119141 0.251953
0 0.570117 0.845313 0.115234 0.281250
0 0.682422 0.850000 0.105469 0.265625
0 0.781641 0.848047 0.097656 0.261719
0 0.883789 0.856250 0.111328 0.265625
0 0.968750 0.860352 0.062500 0.267578
