2 0.384570 0.479297 0.212891 0.121094
2 0.711914 0.510742 0.173828 0.177734
2 0.861328 0.461914 0.269531 0.236328
2 0.512695 0.413086 0.150391 0.185547
2 0.600977 0.270898 0.158203 0.216797
4 0.781250 0.198242 0.437500 0.396484
2 0.704883 0.280273 0.103516 0.060547
2 0.257422 0.264258 0.058594 0.197266
2 0.460352 0.108984 0.251953 0.167969
3 0.330859 0.168359 0.152344 0.136719
2 0.465625 0.224023 0.171875 0.076172
2 0.446875 0.171484 0.125000 0.089844
4 0.653711 0.679492 0.123047 0.115234
0 0.374805 0.759570 0.349609 0.384766
