4 0.131836 0.691992 0.263672 0.380859
4 0.062500 0.875000 0.125000 0.250000
4 0.181445 0.930273 0.212891 0.138672
4 0.376758 0.747852 0.244141 0.486328
4 0.256641 0.599219 0.191406 0.195312
4 0.198730 0.367188 0.256836 0.265625
4 0.062012 0.226367 0.124023 0.443359
4 0.178613 0.187305 0.204102 0.146484
4 0.151172 0.068359 0.230469 0.136719
4 0.376758 0.121094 0.244141 0.242188
4 0.377734 0.318750 0.214844 0.359375
4 0.688867 0.893945 0.240234 0.212891
4 0.580078 0.936914 0.160156 0.126953
4 0.768359 0.783984 0.339844 0.183594
4 0.605078 0.615234 0.144531 0.183594
4 0.834766 0.629492 0.332031 0.255859
4 0.575293 0.338281 0.147461 0.257812
4 0.640723 0.430273 0.278320 0.138672
4 0.677734 0.183594 0.277344 0.367188
4 0.556152 0.095410 0.112305 0.153320
4 0.867773 0.441992 0.201172 0.115234
4 0.867969 0.262695 0.257812 0.291016
4 0.781836 0.143945 0.138672 0.134766
4 0.859668 0.071289 0.209961 0.142578
