0 0.811523 0.295508 0.185547 0.447266
0 0.634766 0.300391 0.160156 0.441406
0 0.468750 0.305078 0.156250 0.441406
0 0.326172 0.305762 0.152344 0.436523
0 0.200586 0.310547 0.154297 0.433594
0 0.467578 0.765723 0.113281 0.340820
0 0.608203 0.773047 0.113281 0.324219
0 0.938086 0.283594 0.123047 0.414062
0 0.070312 0.545508 0.140625 0.525391
0 0.237695 0.767969 0.134766 0.320312
0 0.358203 0.768848 0.113281 0.325195
0 0.713867 0.764160 0.115234 0.340820
0 0.838672 0.758691 0.121094 0.333008
0 0.940234 0.766699 0.121094 0.327148
