2 0.916016 0.239551 0.144531 0.422852
2 0.791016 0.228613 0.160156 0.422852
2 0.675781 0.231152 0.148438 0.424805
2 0.562305 0.223926 0.130859 0.422852
2 0.444922 0.222754 0.121094 0.426758
2 0.320312 0.227832 0.125000 0.430664
2 0.275195 0.497168 0.103516 0.147461
2 0.352539 0.520898 0.095703 0.216797
2 0.243750 0.835938 0.109375 0.328125
2 0.797266 0.795020 0.113281 0.321289
2 0.704688 0.805762 0.109375 0.327148
2 0.615820 0.818262 0.103516 0.327148
2 0.525977 0.822852 0.095703 0.330078
2 0.438867 0.827148 0.099609 0.326172
2 0.199023 0.239258 0.138672 0.431641
2 0.342383 0.874609 0.087891 0.230469
