1 0.810937 0.951562 0.187500 0.096875
1 0.649219 0.953906 0.151562 0.092188
1 0.475781 0.951562 0.157812 0.096875
1 0.314844 0.946094 0.145313 0.107813
1 0.142969 0.971875 0.148438 0.056250
1 0.028125 0.952344 0.056250 0.095312
1 0.957812 0.737500 0.075000 0.150000
1 0.867969 0.755469 0.120313 0.170313
1 0.740625 0.742969 0.115625 0.151562
1 0.627344 0.739844 0.117188 0.135937
1 0.500000 0.737500 0.128125 0.168750
1 0.387500 0.742969 0.134375 0.154688
1 0.270313 0.739844 0.125000 0.154688
1 0.084375 0.732031 0.112500 0.139063
1 0.941406 0.524219 0.117188 0.160938
1 0.840625 0.528906 0.112500 0.145313
1 0.719531 0.524219 0.123438 0.148438
1 0.614844 0.528906 0.098437 0.182812
1 0.496094 0.525000 0.123438 0.153125
1 0.398438 0.529687 0.131250 0.140625
1 0.282031 0.524219 0.114062 0.154688
1 0.173437 0.518750 0.121875 0.137500
1 0.078125 0.522656 0.100000 0.145313
1 0.021875 0.313281 0.043750 0.129688
1 0.100781 0.328906 0.117188 0.129688
1 0.207031 0.332813 0.110937 0.146875
1 0.299219 0.327344 0.101562 0.164062
1 0.403125 0.325000 0.121875 0.156250
1 0.507031 0.332031 0.117188 0.154688
1 0.030469 0.150781 0.057813 0.142187
1 0.105469 0.148438 0.101562 0.112500
1 0.207031 0.157031 0.117188 0.104688
1 0.311719 0.152344 0.092188 0.126562
1 0.412500 0.146875 0.100000 0.106250
1 0.492188 0.146094 0.081250 0.129688
1 0.607812 0.324219 0.096875 0.117188
1 0.725000 0.324219 0.100000 0.145313
1 0.829688 0.313281 0.084375 0.126562
1 0.938281 0.314844 0.123438 0.107813
1 0.961719 0.141406 0.076563 0.129688
1 0.890625 0.142969 0.071875 0.114062
1 0.799219 0.146094 0.082812 0.114062
1 0.726562 0.139063 0.090625 0.106250
1 0.648438 0.149219 0.075000 0.132812
1 0.580469 0.146875 0.089063 0.146875
