0 0.657031 0.107813 0.289062 0.140625
0 0.665820 0.232031 0.291016 0.132812
0 0.664648 0.330664 0.279297 0.126953
0 0.696875 0.443164 0.328125 0.126953
0 0.704102 0.557031 0.330078 0.117188
0 0.712305 0.666602 0.333984 0.111328
0 0.720703 0.783594 0.332031 0.117188
0 0.728516 0.900391 0.332031 0.113281
0 0.263672 0.076758 0.277344 0.119141
0 0.293750 0.600195 0.281250 0.103516
0 0.298242 0.704492 0.271484 0.099609
0 0.316797 0.822266 0.308594 0.113281
0 0.265039 0.178320 0.267578 0.103516
0 0.271875 0.275977 0.265625 0.095703
0 0.275391 0.358398 0.269531 0.091797
0 0.299219 0.463281 0.304688 0.117188
