4 0.083008 0.360352 0.134766 0.189453
4 0.083984 0.285449 0.136719 0.139648
4 0.082031 0.436328 0.132812 0.113281
4 0.208398 0.416016 0.154297 0.144531
4 0.382227 0.327051 0.142578 0.204102
4 0.390625 0.437500 0.203125 0.109375
4 0.299805 0.357910 0.115234 0.137695
4 0.324609 0.185938 0.105469 0.156250
4 0.160156 0.200195 0.179688 0.166016
4 0.415039 0.169434 0.080078 0.135742
4 0.464844 0.125000 0.054688 0.171875
4 0.283594 0.105078 0.054688 0.082031
4 0.174414 0.084082 0.095703 0.071289
4 0.103516 0.114844 0.082031 0.117188
4 0.684570 0.253516 0.353516 0.472656
4 0.587891 0.108984 0.160156 0.167969
4 0.786914 0.285254 0.392578 0.411133
4 0.884375 0.129883 0.125000 0.228516
4 0.964258 0.140625 0.041016 0.250000
4 0.641211 0.753320 0.263672 0.462891
4 0.863281 0.776758 0.242188 0.416016
4 0.838672 0.593652 0.089844 0.143555
4 0.120215 0.588867 0.190430 0.162109
4 0.053223 0.731836 0.075195 0.123047
4 0.114844 0.747656 0.117188 0.085938
4 0.232422 0.729102 0.152344 0.095703
4 0.199219 0.892090 0.226562 0.159180
4 0.103516 0.925195 0.175781 0.119141
4 0.356055 0.905664 0.271484 0.158203
4 0.451953 0.720313 0.082031 0.171875
4 0.381836 0.643652 0.169922 0.065430
4 0.276172 0.635742 0.230469 0.177734
4 0.429102 0.581641 0.126953 0.066406
4 0.380273 0.735156 0.076172 0.101562
4 0.313281 0.746191 0.070312 0.067383
4 0.252539 0.797266 0.126953 0.097656
4 0.330859 0.829980 0.074219 0.084961
4 0.419336 0.829883 0.138672 0.087891
4 0.388477 0.537598 0.080078 0.059570
4 0.054688 0.615723 0.078125 0.090820
