1 0.828516 0.533203 0.128906 0.253906
1 0.719531 0.527344 0.117188 0.242188
1 0.598047 0.541406 0.121094 0.273438
1 0.482031 0.541016 0.117188 0.269531
1 0.368945 0.544336 0.181641 0.279297
1 0.193359 0.529102 0.121094 0.251953
1 0.308984 0.528711 0.121094 0.248047
1 0.810156 0.826953 0.101562 0.269531
1 0.722461 0.823828 0.123047 0.300781
1 0.633203 0.833789 0.113281 0.314453
1 0.537500 0.819922 0.109375 0.292969
1 0.446289 0.809180 0.080078 0.271484
1 0.263281 0.816211 0.117188 0.279297
1 0.354883 0.809180 0.072266 0.255859
1 0.000977 0.563477 0.001953 0.001953
1 0.194141 0.808203 0.003906 0.003906
1 0.196680 0.808398 0.083984 0.263672
1 0.794336 0.159961 0.107422 0.232422
1 0.715625 0.161719 0.078125 0.226562
1 0.661719 0.159961 0.164062 0.232422
1 0.595117 0.159961 0.099609 0.232422
1 0.497070 0.157812 0.103516 0.234375
1 0.407031 0.157812 0.101562 0.234375
1 0.246680 0.146484 0.193359 0.214844
