4 0.867188 0.285156 0.265625 0.570312
2 0.055664 0.433984 0.111328 0.496094
2 0.168359 0.590430 0.246094 0.677734
2 0.512695 0.315430 0.478516 0.162109
2 0.381641 0.419336 0.238281 0.482422
2 0.438281 0.672461 0.210938 0.482422
2 0.599414 0.599219 0.142578 0.195312
2 0.661133 0.770898 0.181641 0.169922
2 0.765430 0.540625 0.333984 0.500000
2 0.836719 0.916797 0.320312 0.167969
2 0.953711 0.601562 0.091797 0.265625
2 0.779297 0.236328 0.371094 0.472656
2 0.564844 0.147070 0.226562 0.197266
2 0.407617 0.134570 0.115234 0.181641
2 0.154297 0.102539 0.277344 0.205078
2 0.024414 0.057617 0.048828 0.115234
2 0.332617 0.080078 0.193359 0.160156
