0 0.129492 0.095996 0.115234 0.182617
0 0.284570 0.208789 0.197266 0.111328
0 0.386523 0.301367 0.216797 0.099609
0 0.615039 0.232520 0.189453 0.446289
0 0.774023 0.243457 0.138672 0.399414
0 0.918750 0.251270 0.140625 0.336914
0 0.146094 0.320605 0.273438 0.209961
0 0.095703 0.755664 0.160156 0.455078
0 0.251367 0.738574 0.162109 0.452148
0 0.418555 0.726562 0.146484 0.453125
0 0.607812 0.650293 0.156250 0.241211
0 0.776758 0.747949 0.181641 0.155273
0 0.895508 0.834277 0.197266 0.112305
0 0.682617 0.890234 0.240234 0.167969
