4 0.836816 0.225000 0.286133 0.265625
4 0.752539 0.250391 0.126953 0.160156
4 0.732227 0.161914 0.111328 0.080078
4 0.566504 0.183203 0.083008 0.144531
4 0.633594 0.158789 0.101562 0.095703
4 0.642188 0.266406 0.093750 0.117188
4 0.789160 0.322266 0.137695 0.144531
4 0.634570 0.355273 0.197266 0.154297
4 0.583984 0.308594 0.105469 0.117188
4 0.718359 0.657227 0.433594 0.314453
4 0.610449 0.583984 0.217773 0.167969
4 0.763965 0.715234 0.471680 0.199219
4 0.736426 0.901172 0.469727 0.199219
4 0.717090 0.952539 0.362305 0.095703
4 0.137695 0.225977 0.275391 0.376953
4 0.221777 0.319922 0.440430 0.355469
4 0.315820 0.428711 0.369141 0.138672
4 0.320020 0.614258 0.352539 0.228516
4 0.196191 0.779297 0.379883 0.386719
4 0.344531 0.882812 0.304688 0.234375
