4 0.218555 0.093262 0.255859 0.186523
4 0.076172 0.162988 0.152344 0.282227
4 0.058594 0.397949 0.117188 0.202148
4 0.244531 0.332129 0.304688 0.333008
4 0.417969 0.179199 0.164062 0.217773
4 0.429297 0.382910 0.136719 0.231445
4 0.405078 0.087891 0.191406 0.175781
4 0.569336 0.119629 0.138672 0.239258
4 0.757812 0.167969 0.312500 0.335938
4 0.596680 0.413477 0.193359 0.173828
4 0.785547 0.409473 0.261719 0.184570
4 0.925195 0.339258 0.150391 0.275391
4 0.941406 0.104492 0.117188 0.208984
4 0.276367 0.592383 0.255859 0.181641
4 0.042969 0.787988 0.085938 0.282227
4 0.228320 0.691797 0.181641 0.167969
4 0.152148 0.836816 0.248047 0.176758
4 0.226367 0.925195 0.271484 0.150391
4 0.395117 0.779687 0.208984 0.234375
4 0.289844 0.795312 0.164062 0.125000
4 0.402344 0.926367 0.195312 0.146484
4 0.635156 0.778809 0.242188 0.245117
4 0.617188 0.927344 0.234375 0.117188
4 0.750586 0.613770 0.498047 0.227539
4 0.897266 0.806934 0.207031 0.323242
4 0.817187 0.889453 0.218750 0.222656
