3 0.514648 0.392578 0.341797 0.207031
3 0.326953 0.466602 0.253906 0.220703
3 0.176758 0.504883 0.353516 0.212891
3 0.365820 0.788086 0.353516 0.232422
3 0.135742 0.821582 0.271484 0.305664
3 0.792578 0.805957 0.394531 0.258789
3 0.551758 0.715625 0.212891 0.265625
3 0.870508 0.625098 0.259766 0.137695
3 0.858789 0.525000 0.283203 0.203125
3 0.729297 0.295801 0.214844 0.235352
3 0.921289 0.272461 0.158203 0.123047
3 0.419727 0.104102 0.283203 0.158203
3 0.622656 0.107031 0.304688 0.164062
3 0.124023 0.067871 0.248047 0.135742
3 0.228906 0.192871 0.320312 0.151367
3 0.297266 0.295996 0.332031 0.151367
3 0.244141 0.217285 0.207031 0.106445
3 0.458789 0.302832 0.345703 0.102539
3 0.442383 0.192969 0.244141 0.085938
3 0.520312 0.235840 0.156250 0.081055
3 0.890039 0.148926 0.220703 0.141602
3 0.851953 0.048828 0.175781 0.097656
