2 0.274316 0.919922 0.286133 0.136719
2 0.148047 0.790820 0.261719 0.150391
2 0.159180 0.665820 0.255859 0.197266
2 0.096191 0.425195 0.145508 0.275391
2 0.252441 0.572852 0.176758 0.267578
2 0.199219 0.375391 0.195312 0.222656
2 0.390234 0.536719 0.246094 0.195312
2 0.541309 0.471484 0.338867 0.167969
2 0.443945 0.376758 0.322266 0.134766
2 0.436914 0.218359 0.330078 0.199219
2 0.353125 0.100977 0.312500 0.158203
2 0.207617 0.240820 0.193359 0.212891
2 0.602148 0.640430 0.404297 0.318359
2 0.402441 0.808203 0.301758 0.160156
2 0.805176 0.906836 0.329102 0.185547
2 0.677637 0.925781 0.295898 0.148438
2 0.712207 0.323047 0.352539 0.214844
2 0.800195 0.120117 0.400391 0.208984
2 0.914062 0.360742 0.171875 0.365234
2 0.862695 0.585742 0.275391 0.240234
2 0.727637 0.044922 0.342773 0.089844
2 0.496973 0.944727 0.184570 0.111328
