0 0.107813 0.344531 0.140625 0.289062
0 0.232031 0.334570 0.132812 0.291016
0 0.330664 0.334961 0.126953 0.279297
0 0.443164 0.303125 0.126953 0.328125
0 0.557031 0.296289 0.117188 0.330078
0 0.666602 0.288867 0.111328 0.333984
0 0.783594 0.280078 0.117188 0.332031
0 0.900391 0.272266 0.113281 0.332031
0 0.076758 0.737109 0.119141 0.277344
0 0.600195 0.707812 0.103516 0.281250
0 0.704492 0.702930 0.099609 0.271484
0 0.822266 0.683984 0.113281 0.308594
0 0.178320 0.735352 0.103516 0.267578
0 0.275977 0.728125 0.095703 0.265625
0 0.358398 0.725391 0.091797 0.269531
0 0.463281 0.700781 0.117188 0.304688
