0 0.667383 0.101562 0.103516 0.140625
0 0.725293 0.066406 0.084961 0.132812
0 0.601270 0.145898 0.118164 0.123047
0 0.555664 0.194336 0.111328 0.123047
0 0.832031 0.293359 0.242188 0.230469
0 0.273828 0.800586 0.222656 0.388672
0 0.238616 0.210805 0.324106 0.421611
0 0.436328 0.111328 0.128906 0.144531
0 0.452539 0.201953 0.095703 0.097656
0 0.205371 0.570312 0.057617 0.125000
0 0.133203 0.637109 0.082031 0.121094
0 0.087891 0.674805 0.097656 0.115234
0 0.045898 0.717578 0.091797 0.097656
0 0.743938 0.742898 0.500375 0.485795
