4 0.215430 0.159766 0.349609 0.191406
4 0.413477 0.259570 0.173828 0.462891
4 0.186133 0.326758 0.306641 0.150391
4 0.742969 0.086914 0.460938 0.173828
4 0.674609 0.315234 0.152344 0.308594
4 0.841602 0.284766 0.189453 0.347656
4 0.840430 0.715430 0.193359 0.349609
4 0.741992 0.914062 0.458984 0.171875
4 0.784961 0.574805 0.060547 0.115234
4 0.674609 0.687109 0.152344 0.308594
4 0.159180 0.714941 0.193359 0.348633
4 0.216211 0.574219 0.060547 0.117188
4 0.326172 0.687109 0.152344 0.308594
4 0.258594 0.914062 0.460938 0.171875
