2 0.349219 0.392969 0.507812 0.164062
2 0.342383 0.118164 0.431641 0.236328
2 0.345313 0.231055 0.265625 0.130859
2 0.757617 0.073242 0.380859 0.146484
2 0.502539 0.172266 0.142578 0.160156
2 0.663086 0.260547 0.248047 0.246094
2 0.833008 0.136523 0.150391 0.185547
2 0.930273 0.309375 0.138672 0.359375
2 0.829883 0.295312 0.150391 0.140625
2 0.760156 0.581445 0.195312 0.478516
2 0.920703 0.584766 0.160156 0.128906
2 0.441797 0.689063 0.292969 0.468750
2 0.626758 0.835547 0.259766 0.230469
2 0.690430 0.944727 0.396484 0.111328
2 0.201172 0.649023 0.402344 0.279297
2 0.132812 0.500391 0.265625 0.144531
2 0.116211 0.886719 0.232422 0.226562
