0 0.921289 0.785742 0.158203 0.396484
0 0.784180 0.789453 0.146484 0.394531
0 0.653711 0.792969 0.138672 0.398438
0 0.519531 0.795508 0.132812 0.400391
0 0.393945 0.805273 0.119141 0.388672
0 0.268164 0.811914 0.126953 0.376953
0 0.157812 0.813086 0.125000 0.373047
0 0.047852 0.776367 0.095703 0.333984
0 0.909570 0.208594 0.181641 0.367188
0 0.764258 0.205664 0.181641 0.376953
0 0.608398 0.211328 0.169922 0.378906
0 0.444727 0.234375 0.173828 0.406250
0 0.261719 0.241992 0.179688 0.412109
0 0.086914 0.238281 0.173828 0.414062
