5 0.583594 0.692773 0.367188 0.169922
5 0.254688 0.732812 0.296875 0.156250
5 0.623828 0.519922 0.347656 0.261719
5 0.874414 0.558203 0.173828 0.347656
5 0.975391 0.505566 0.050781 0.333008
5 0.732812 0.335547 0.359375 0.136719
5 0.380664 0.475391 0.345703 0.222656
5 0.254297 0.417773 0.308594 0.263672
5 0.090820 0.533203 0.181641 0.207031
5 0.508398 0.160156 0.138672 0.320312
5 0.642578 0.105566 0.128906 0.208008
5 0.789844 0.124121 0.148438 0.245117
5 0.921875 0.116309 0.156250 0.229492
5 0.390039 0.122168 0.142578 0.241211
5 0.225586 0.093750 0.201172 0.187500
5 0.084961 0.217188 0.169922 0.296875
5 0.191992 0.321680 0.302734 0.271484
