5 0.377734 0.837891 0.449219 0.160156
5 0.674219 0.782227 0.164062 0.251953
5 0.891406 0.751367 0.195312 0.349609
5 0.780078 0.555273 0.269531 0.138672
5 0.687891 0.610352 0.238281 0.142578
5 0.547461 0.677344 0.123047 0.179688
5 0.435352 0.637695 0.158203 0.166016
5 0.279883 0.685352 0.150391 0.251953
5 0.177734 0.630664 0.199219 0.236328
5 0.317383 0.528711 0.228516 0.123047
5 0.422461 0.502539 0.216797 0.111328
5 0.640625 0.502539 0.250000 0.064453
5 0.645117 0.454102 0.240234 0.064453
5 0.361914 0.440430 0.251953 0.099609
5 0.637305 0.411719 0.208984 0.039062
5 0.447852 0.453711 0.158203 0.044922
