5 0.164844 0.301758 0.117188 0.259766
5 0.252539 0.306250 0.126953 0.328125
5 0.365234 0.321680 0.105469 0.302734
5 0.468555 0.318750 0.099609 0.265625
5 0.550586 0.316016 0.107422 0.207031
5 0.583594 0.357812 0.101562 0.250000
5 0.669727 0.398242 0.080078 0.240234
5 0.741797 0.359180 0.074219 0.193359
5 0.116602 0.641016 0.126953 0.269531
5 0.238281 0.645508 0.117188 0.259766
5 0.358789 0.644336 0.126953 0.248047
5 0.453711 0.654102 0.123047 0.236328
5 0.536133 0.627930 0.134766 0.224609
5 0.652344 0.642578 0.085938 0.207031
5 0.749805 0.586914 0.146484 0.189453
