6 0.810937 0.707031 0.115625 0.273438
6 0.607031 0.703906 0.095312 0.257812
6 0.489063 0.703125 0.118750 0.259375
6 0.319531 0.782031 0.245312 0.423438
6 0.130469 0.782813 0.229687 0.418750
6 0.112500 0.187500 0.140625 0.275000
6 0.221875 0.191406 0.121875 0.285938
6 0.321875 0.191406 0.118750 0.267188
6 0.432812 0.192969 0.121875 0.307812
6 0.547656 0.195312 0.139063 0.346875
6 0.662500 0.201563 0.118750 0.337500
6 0.775000 0.189844 0.118750 0.323437
6 0.896094 0.189844 0.114062 0.314063
6 0.708008 0.710547 0.103516 0.246094
