5 0.754492 0.081836 0.318359 0.138672
0 0.736719 0.213867 0.289062 0.115234
0 0.724219 0.317969 0.289062 0.101562
0 0.719727 0.406055 0.298828 0.115234
0 0.718750 0.507617 0.296875 0.115234
0 0.717187 0.606250 0.296875 0.109375
0 0.713281 0.716211 0.304688 0.123047
0 0.717578 0.846289 0.285156 0.126953
0 0.707031 0.960938 0.304688 0.078125
0 0.265234 0.072266 0.324219 0.144531
0 0.266992 0.187500 0.318359 0.125000
0 0.258203 0.303320 0.347656 0.134766
0 0.236133 0.432227 0.337891 0.126953
0 0.231250 0.567383 0.343750 0.134766
0 0.118164 0.532813 0.111328 0.062500
0 0.229102 0.699023 0.345703 0.138672
0 0.215234 0.822852 0.339844 0.142578
0 0.213867 0.936328 0.349609 0.128906
