4 0.170898 0.168066 0.201172 0.208008
4 0.296484 0.241211 0.167969 0.138672
4 0.336914 0.183203 0.142578 0.113281
4 0.360156 0.351562 0.210938 0.156250
4 0.236719 0.365527 0.101562 0.096680
4 0.157031 0.339844 0.179688 0.210938
4 0.153906 0.644434 0.242188 0.182617
4 0.352344 0.660937 0.242188 0.203125
4 0.141406 0.850684 0.179688 0.213867
4 0.125391 0.726172 0.113281 0.105469
4 0.268555 0.787109 0.162109 0.167969
4 0.336719 0.827051 0.132812 0.141602
4 0.308984 0.915332 0.136719 0.071289
4 0.639258 0.167578 0.212891 0.191406
4 0.701758 0.259570 0.166016 0.134766
4 0.663477 0.316016 0.142578 0.113281
4 0.577930 0.292969 0.068359 0.117188
4 0.828711 0.329102 0.201172 0.205078
4 0.845508 0.162891 0.181641 0.207031
4 0.763281 0.138477 0.101562 0.095703
4 0.857422 0.643359 0.183594 0.214844
4 0.730078 0.707422 0.160156 0.167969
4 0.664453 0.666016 0.128906 0.144531
4 0.691211 0.578418 0.138672 0.069336
4 0.648242 0.834863 0.240234 0.204102
4 0.845508 0.849609 0.244141 0.183594
4 0.873828 0.768359 0.113281 0.105469
