5 0.018555 0.205078 0.037109 0.269531
5 0.094727 0.201758 0.111328 0.275391
5 0.204492 0.200195 0.115234 0.275391
5 0.319336 0.173242 0.107422 0.240234
5 0.416016 0.174805 0.097656 0.240234
5 0.513672 0.225586 0.089844 0.216797
5 0.625977 0.209961 0.111328 0.248047
5 0.725195 0.184961 0.103516 0.201172
5 0.805664 0.183398 0.095703 0.201172
5 0.892188 0.219727 0.093750 0.220703
5 0.973242 0.207031 0.052734 0.242188
5 0.045898 0.534180 0.091797 0.255859
5 0.129688 0.576953 0.062500 0.160156
5 0.195117 0.540625 0.083984 0.218750
5 0.278320 0.525977 0.103516 0.251953
5 0.369531 0.548438 0.085938 0.187500
5 0.470508 0.528906 0.103516 0.226562
5 0.573633 0.527930 0.103516 0.224609
5 0.708594 0.500781 0.101562 0.179688
5 0.786133 0.499609 0.087891 0.183594
5 0.894336 0.497070 0.107422 0.181641
5 0.964844 0.496680 0.070312 0.177734
5 0.038086 0.845117 0.076172 0.240234
5 0.109180 0.857812 0.083984 0.203125
5 0.460938 0.819922 0.093750 0.199219
5 0.555078 0.835742 0.097656 0.208984
5 0.628711 0.805078 0.091797 0.175781
5 0.703516 0.809961 0.082031 0.169922
5 0.778320 0.808398 0.087891 0.169922
5 0.844531 0.804688 0.085938 0.171875
5 0.901367 0.835352 0.052734 0.126953
5 0.941211 0.861328 0.060547 0.128906
5 0.987695 0.831641 0.025391 0.175781
