4 0.925781 0.240625 0.148438 0.343750
4 0.821191 0.332617 0.161133 0.365234
4 0.581641 0.418945 0.253906 0.384766
4 0.418750 0.507812 0.328125 0.421875
4 0.294922 0.183008 0.355469 0.306641
4 0.212695 0.297266 0.353516 0.253906
4 0.186621 0.447070 0.276367 0.212891
4 0.254492 0.833984 0.255859 0.308594
4 0.134375 0.630469 0.250000 0.382812
4 0.444434 0.113281 0.354492 0.226562
4 0.560547 0.736719 0.339844 0.367188
4 0.896875 0.629687 0.171875 0.218750
4 0.799414 0.632422 0.158203 0.261719
4 0.689063 0.160547 0.171875 0.167969
