0 0.762109 0.060547 0.355469 0.121094
0 0.763672 0.190234 0.339844 0.136719
0 0.777344 0.316211 0.351562 0.154297
0 0.793945 0.444727 0.322266 0.142578
0 0.794336 0.575586 0.341797 0.138672
0 0.795312 0.709375 0.328125 0.140625
0 0.810547 0.851367 0.339844 0.146484
0 0.228125 0.078516 0.328125 0.113281
0 0.227930 0.174609 0.333984 0.121094
0 0.237305 0.280859 0.318359 0.136719
0 0.247070 0.397461 0.322266 0.123047
0 0.253320 0.510352 0.322266 0.126953
0 0.258594 0.633203 0.320312 0.128906
0 0.262109 0.751758 0.324219 0.119141
0 0.268164 0.871094 0.330078 0.117188
