1 0.256641 0.211035 0.488281 0.215820
1 0.300195 0.073047 0.400391 0.121094
1 0.232422 0.422656 0.464844 0.117188
1 0.274805 0.304590 0.396484 0.143555
1 0.268359 0.606836 0.464844 0.185547
1 0.268555 0.768359 0.458984 0.152344
1 0.249609 0.880371 0.496094 0.151367
1 0.757812 0.119141 0.468750 0.160156
1 0.751758 0.255273 0.494141 0.185547
1 0.752539 0.384668 0.470703 0.209961
1 0.744727 0.595996 0.486328 0.135742
1 0.748437 0.742773 0.484375 0.154297
1 0.741992 0.939453 0.427734 0.113281
1 0.734375 0.874902 0.468750 0.143555
