0 0.832422 0.120898 0.261719 0.154297
0 0.839941 0.233398 0.301758 0.138672
0 0.847070 0.397461 0.306641 0.154297
0 0.828223 0.634180 0.231445 0.162109
0 0.846582 0.745703 0.274414 0.144531
0 0.844336 0.901172 0.294922 0.136719
0 0.599512 0.244727 0.139648 0.330078
0 0.604492 0.731836 0.162109 0.294922
0 0.275293 0.125000 0.225586 0.156250
0 0.339941 0.234766 0.254883 0.113281
0 0.367188 0.371680 0.250000 0.115234
0 0.341602 0.626367 0.251953 0.177734
0 0.345020 0.760156 0.274414 0.117188
0 0.321387 0.909766 0.280273 0.160156
0 0.118164 0.312305 0.189453 0.287109
0 0.102832 0.718164 0.149414 0.345703
