2 0.307722 0.111937 0.246694 0.098875
2 0.345188 0.243560 0.171627 0.146495
2 0.254459 0.295803 0.071417 0.157231
2 0.398393 0.399137 0.199911 0.260773
2 0.289103 0.479405 0.106331 0.286934
2 0.187732 0.601041 0.097339 0.289583
2 0.390799 0.700484 0.190973 0.188467
2 0.482422 0.588867 0.246094 0.099609
2 0.739258 0.154883 0.150391 0.166016
2 0.626953 0.063281 0.191406 0.085938
2 0.457031 0.165820 0.117188 0.197266
2 0.602344 0.157812 0.195312 0.109375
2 0.506836 0.270508 0.169922 0.166016
2 0.514258 0.368555 0.103516 0.162109
2 0.702148 0.312109 0.169922 0.136719
2 0.864258 0.432422 0.212891 0.246094
2 0.680273 0.444336 0.248047 0.154297
2 0.727344 0.547656 0.210938 0.101562
2 0.610352 0.302539 0.142578 0.189453
2 0.628320 0.678516 0.197266 0.144531
2 0.582422 0.788477 0.246094 0.158203
