3 0.095117 0.809375 0.162109 0.359375
3 0.248926 0.635352 0.125977 0.251953
3 0.105762 0.304688 0.170898 0.359375
3 0.259375 0.134766 0.125000 0.238281
3 0.437402 0.689063 0.190430 0.359375
3 0.438281 0.191211 0.195312 0.357422
3 0.600684 0.885742 0.120117 0.208984
3 0.599121 0.397070 0.120117 0.197266
3 0.754395 0.194727 0.149414 0.361328
3 0.762207 0.666406 0.118164 0.179688
3 0.767871 0.850586 0.120117 0.185547
3 0.883105 0.873633 0.116211 0.244141
3 0.880469 0.632227 0.117188 0.236328
3 0.901367 0.362109 0.130859 0.261719
