6 0.526144 0.386543 0.142912 0.257461
6 0.467235 0.709269 0.225095 0.084163
6 0.435985 0.670684 0.225095 0.088242
6 0.392085 0.635952 0.243545 0.096903
6 0.347457 0.590204 0.266789 0.111658
6 0.299679 0.529669 0.286858 0.128087
6 0.342054 0.475600 0.274733 0.113700
6 0.606836 0.409180 0.123047 0.255859
6 0.690039 0.436328 0.111328 0.269531
6 0.653125 0.259375 0.265625 0.140625
6 0.362305 0.395508 0.240234 0.087891
6 0.388086 0.334375 0.232422 0.093750
6 0.412500 0.280859 0.218750 0.074219
6 0.428711 0.233203 0.201172 0.066406
6 0.448242 0.193945 0.193359 0.072266
