6 0.034180 0.597266 0.068359 0.222656
6 0.109375 0.599609 0.093750 0.230469
6 0.201563 0.600586 0.093750 0.232422
6 0.299609 0.601562 0.105469 0.234375
6 0.399805 0.604102 0.099609 0.236328
6 0.497852 0.604102 0.095703 0.236328
6 0.594141 0.607227 0.097656 0.236328
6 0.694922 0.606836 0.105469 0.232422
6 0.796289 0.609766 0.095703 0.238281
6 0.891602 0.609375 0.095703 0.234375
6 0.835547 0.269336 0.105469 0.263672
6 0.750977 0.253906 0.111328 0.257812
6 0.641211 0.253906 0.107422 0.257812
6 0.534961 0.252930 0.107422 0.255859
6 0.417383 0.259766 0.103516 0.253906
6 0.309961 0.255664 0.107422 0.251953
6 0.202539 0.252539 0.111328 0.251953
6 0.094531 0.250977 0.117188 0.251953
6 0.021484 0.250000 0.042969 0.250000
