4 0.261719 0.169531 0.523438 0.320312
4 0.107422 0.091309 0.214844 0.182617
4 0.258203 0.046875 0.207031 0.093750
4 0.494629 0.191211 0.098633 0.279297
4 0.611719 0.310547 0.679688 0.261719
4 0.584961 0.135547 0.123047 0.214844
4 0.676172 0.106445 0.105469 0.212891
4 0.749023 0.092773 0.123047 0.185547
4 0.862207 0.175293 0.274414 0.350586
4 0.474219 0.079102 0.226562 0.158203
4 0.184180 0.290430 0.224609 0.177734
4 0.295898 0.495898 0.591797 0.294922
4 0.213867 0.739551 0.412109 0.438477
4 0.494531 0.754297 0.289062 0.230469
4 0.777344 0.553711 0.445312 0.357422
4 0.458984 0.664160 0.324219 0.137695
4 0.083008 0.716699 0.166016 0.233398
4 0.557227 0.875977 0.392578 0.236328
4 0.871094 0.883398 0.257812 0.232422
4 0.824219 0.693262 0.351562 0.217773
