6 0.028320 0.154883 0.056641 0.166016
6 0.091797 0.153906 0.074219 0.164062
6 0.164648 0.143164 0.076172 0.173828
6 0.233984 0.145313 0.074219 0.171875
6 0.302344 0.145313 0.070312 0.171875
6 0.373633 0.142187 0.072266 0.171875
6 0.451172 0.177344 0.074219 0.101562
6 0.673828 0.172656 0.082031 0.101562
6 0.752539 0.168945 0.080078 0.103516
6 0.670508 0.074023 0.072266 0.091797
6 0.446875 0.077930 0.078125 0.099609
6 0.746875 0.072070 0.078125 0.087891
6 0.960938 0.067383 0.078125 0.087891
6 0.969336 0.162891 0.060547 0.097656
6 0.057031 0.495508 0.085938 0.181641
6 0.134766 0.493945 0.082031 0.181641
6 0.213477 0.490820 0.080078 0.181641
6 0.291992 0.489258 0.083984 0.181641
6 0.380664 0.486719 0.080078 0.179688
6 0.457813 0.485742 0.078125 0.177734
6 0.532813 0.483789 0.078125 0.173828
6 0.607812 0.483789 0.078125 0.173828
6 0.714844 0.474609 0.085938 0.183594
6 0.791016 0.473047 0.082031 0.183594
6 0.864844 0.469336 0.085938 0.185547
6 0.940820 0.467773 0.087891 0.185547
6 0.035156 0.781836 0.070312 0.201172
6 0.106836 0.780273 0.091797 0.201172
6 0.190234 0.777734 0.089844 0.199219
6 0.270117 0.776172 0.083984 0.199219
6 0.351562 0.766602 0.078125 0.205078
6 0.428711 0.765625 0.076172 0.203125
6 0.506250 0.764062 0.078125 0.203125
6 0.580078 0.762500 0.082031 0.203125
6 0.666602 0.755664 0.080078 0.189453
6 0.741016 0.753516 0.082031 0.191406
6 0.813281 0.752539 0.085938 0.189453
6 0.885156 0.751367 0.085938 0.193359
6 0.964844 0.750977 0.070312 0.205078
