5 0.230859 0.789453 0.386719 0.144531
5 0.234180 0.663477 0.349609 0.111328
5 0.239648 0.568945 0.310547 0.087891
5 0.241992 0.486133 0.287109 0.087891
5 0.244922 0.406836 0.261719 0.076172
5 0.221289 0.333789 0.189453 0.080078
5 0.242188 0.210352 0.218750 0.111328
5 0.816504 0.774414 0.364258 0.142578
5 0.736914 0.650977 0.376953 0.111328
5 0.690039 0.551172 0.345703 0.089844
5 0.658008 0.464453 0.275391 0.066406
5 0.619727 0.405859 0.283203 0.074219
5 0.594727 0.342383 0.267578 0.056641
5 0.572559 0.298828 0.245117 0.035156
5 0.574805 0.265039 0.193359 0.048828
5 0.623828 0.023242 0.128906 0.037109
5 0.652637 0.053125 0.124023 0.015625
5 0.843164 0.239063 0.173828 0.046875
