1 0.229687 0.871875 0.150000 0.131250
1 0.243750 0.735938 0.221875 0.175000
1 0.236719 0.582031 0.254688 0.176563
1 0.210938 0.450000 0.228125 0.146875
1 0.219531 0.314844 0.217188 0.148438
1 0.222656 0.171875 0.185938 0.171875
1 0.421875 0.870313 0.168750 0.090625
1 0.437500 0.778906 0.178125 0.092188
1 0.433594 0.689844 0.189062 0.123438
1 0.444531 0.584375 0.176563 0.125000
1 0.439844 0.496875 0.164062 0.118750
1 0.440625 0.392969 0.196875 0.135937
1 0.439844 0.278125 0.179688 0.128125
1 0.451562 0.203906 0.143750 0.085938
1 0.460938 0.105469 0.153125 0.089063
1 0.457813 0.026562 0.143750 0.053125
1 0.660937 0.868750 0.153125 0.143750
1 0.657031 0.750000 0.198437 0.153125
1 0.668750 0.612500 0.159375 0.093750
1 0.667969 0.507812 0.160938 0.115625
1 0.650000 0.407031 0.187500 0.139063
1 0.642969 0.296875 0.210938 0.143750
1 0.657031 0.135937 0.185938 0.150000
1 0.832812 0.810156 0.137500 0.092188
1 0.851562 0.700000 0.140625 0.125000
1 0.853906 0.622656 0.142187 0.120313
1 0.850000 0.534375 0.134375 0.100000
1 0.835156 0.424219 0.182812 0.132812
1 0.857812 0.297656 0.146875 0.101562
