2 0.908594 0.478125 0.148438 0.343750
2 0.776758 0.822656 0.306641 0.289062
2 0.788672 0.351172 0.121094 0.339844
2 0.662500 0.531250 0.234375 0.109375
2 0.722266 0.628516 0.253906 0.097656
2 0.563281 0.696875 0.289062 0.265625
2 0.493164 0.774219 0.205078 0.210938
2 0.316992 0.725586 0.302734 0.232422
2 0.250781 0.827539 0.351562 0.267578
2 0.203906 0.218555 0.398438 0.115234
2 0.152148 0.448242 0.185547 0.365234
2 0.281641 0.447266 0.160156 0.347656
2 0.400195 0.426367 0.134766 0.365234
2 0.473242 0.267578 0.099609 0.347656
2 0.595117 0.284766 0.177734 0.378906
2 0.674414 0.306641 0.158203 0.347656
