3 0.164648 0.179102 0.310547 0.236328
3 0.423438 0.122656 0.171875 0.132812
3 0.578125 0.132129 0.156250 0.114258
3 0.831055 0.181152 0.302734 0.174805
3 0.164844 0.496387 0.289062 0.186523
3 0.398242 0.528418 0.115234 0.100586
3 0.565430 0.513574 0.177734 0.139648
3 0.730469 0.515430 0.101562 0.130859
3 0.892578 0.499316 0.175781 0.176758
3 0.178711 0.873437 0.201172 0.218750
3 0.177148 0.730859 0.201172 0.058594
3 0.433008 0.829883 0.166016 0.212891
3 0.565430 0.924414 0.146484 0.111328
3 0.829492 0.846680 0.318359 0.287109
