5 0.890430 0.637305 0.130859 0.271484
5 0.969336 0.615039 0.060547 0.220703
5 0.783984 0.618164 0.089844 0.220703
5 0.670312 0.617969 0.125000 0.226562
5 0.546484 0.621094 0.121094 0.226562
5 0.430078 0.647070 0.128906 0.275391
5 0.311523 0.622070 0.123047 0.228516
5 0.191211 0.623633 0.123047 0.228516
5 0.060547 0.650391 0.121094 0.285156
5 0.945312 0.210742 0.109375 0.193359
5 0.784570 0.246484 0.103516 0.183594
5 0.685156 0.230078 0.117188 0.238281
5 0.567383 0.228320 0.072266 0.259766
5 0.469727 0.267383 0.095703 0.181641
5 0.367578 0.248828 0.113281 0.175781
5 0.214453 0.244922 0.113281 0.167969
5 0.135352 0.266406 0.111328 0.210938
