6 0.182617 0.247461 0.115234 0.091797
6 0.302539 0.249609 0.126953 0.089844
6 0.438086 0.238086 0.123047 0.091797
6 0.558984 0.235937 0.121094 0.093750
6 0.677734 0.234375 0.121094 0.093750
6 0.798633 0.232813 0.119141 0.093750
6 0.268359 0.341211 0.136719 0.091797
6 0.231055 0.433594 0.115234 0.085938
6 0.394922 0.337695 0.121094 0.087891
6 0.511719 0.336719 0.117188 0.085938
6 0.628906 0.333008 0.117188 0.087891
6 0.747070 0.331445 0.119141 0.087891
6 0.346484 0.433984 0.121094 0.089844
6 0.464258 0.433398 0.119141 0.091797
6 0.583984 0.430273 0.121094 0.091797
6 0.708789 0.423828 0.126953 0.097656
6 0.247461 0.663477 0.154297 0.345703
6 0.379492 0.662891 0.146484 0.347656
6 0.515625 0.659766 0.140625 0.347656
6 0.653711 0.657617 0.138672 0.349609
6 0.789453 0.664062 0.128906 0.250000
