6 0.167969 0.303516 0.085938 0.160156
6 0.247070 0.301563 0.103516 0.156250
6 0.338477 0.297852 0.095703 0.158203
6 0.425195 0.295312 0.087891 0.156250
6 0.509180 0.294336 0.083984 0.154297
6 0.591406 0.290625 0.085938 0.156250
6 0.674805 0.289062 0.083984 0.156250
6 0.759570 0.286523 0.087891 0.154297
6 0.436914 0.588672 0.080078 0.167969
6 0.360156 0.590625 0.085938 0.171875
6 0.281836 0.593750 0.091797 0.171875
6 0.526953 0.582422 0.082031 0.167969
6 0.602539 0.577734 0.080078 0.167969
6 0.675391 0.574609 0.082031 0.167969
6 0.774805 0.577148 0.099609 0.154297
6 0.843164 0.573047 0.064453 0.152344
6 0.821680 0.839648 0.083984 0.123047
6 0.749414 0.843164 0.080078 0.126953
6 0.677148 0.846289 0.076172 0.126953
6 0.605859 0.850977 0.074219 0.126953
6 0.534570 0.854492 0.072266 0.130859
6 0.463672 0.860156 0.074219 0.132812
6 0.389062 0.865820 0.078125 0.134766
6 0.318164 0.871094 0.080078 0.132812
6 0.245117 0.877734 0.083984 0.136719
6 0.173242 0.881445 0.083984 0.134766
