2 0.750586 0.081055 0.498047 0.162109
2 0.763477 0.186914 0.392578 0.095703
2 0.766406 0.288086 0.414062 0.091797
2 0.744434 0.500391 0.479492 0.128906
2 0.746777 0.829688 0.487305 0.156250
2 0.246680 0.158789 0.474609 0.142578
2 0.227441 0.541797 0.083008 0.246094
2 0.287402 0.526953 0.081055 0.253906
2 0.334961 0.502930 0.076172 0.240234
2 0.383789 0.499609 0.064453 0.214844
2 0.065234 0.523828 0.089844 0.285156
2 0.150195 0.555078 0.087891 0.222656
2 0.179980 0.403125 0.225586 0.078125
2 0.250879 0.833789 0.489258 0.205078
