0 0.217969 0.668750 0.117188 0.275000
0 0.323437 0.677344 0.103125 0.273438
0 0.428906 0.662500 0.114062 0.290625
0 0.536719 0.665625 0.117188 0.278125
0 0.658594 0.660156 0.114062 0.273438
0 0.777344 0.661719 0.114062 0.282813
0 0.171875 0.260156 0.065625 0.148438
0 0.234375 0.260156 0.068750 0.145313
0 0.291406 0.255469 0.064062 0.145313
0 0.354687 0.250000 0.059375 0.143750
0 0.412500 0.247656 0.068750 0.160938
0 0.478125 0.240625 0.068750 0.153125
0 0.544531 0.234375 0.070312 0.143750
0 0.615625 0.227344 0.075000 0.151562
0 0.679688 0.222656 0.071875 0.154688
0 0.743750 0.221875 0.071875 0.146875
0 0.807813 0.212500 0.078125 0.159375
0 0.132812 0.452344 0.015625 0.064062
0 0.159375 0.448437 0.031250 0.068750
0 0.196875 0.446875 0.034375 0.065625
0 0.226562 0.444531 0.034375 0.076563
0 0.262500 0.440625 0.034375 0.071875
0 0.287500 0.435156 0.034375 0.082812
0 0.325000 0.439844 0.037500 0.079687
0 0.357812 0.428906 0.031250 0.079687
0 0.396094 0.434375 0.026562 0.075000
0 0.431250 0.432812 0.040625 0.071875
0 0.467969 0.429688 0.029687 0.071875
0 0.523438 0.427344 0.028125 0.070312
0 0.624219 0.423438 0.039062 0.068750
0 0.661719 0.422656 0.042188 0.070312
0 0.689063 0.414844 0.037500 0.082812
0 0.728125 0.414062 0.043750 0.084375
0 0.757031 0.411719 0.035937 0.076563
0 0.792969 0.408594 0.032813 0.085938
0 0.823438 0.410156 0.034375 0.079687
0 0.856250 0.407813 0.031250 0.081250
