6 0.074609 0.158008 0.074219 0.181641
6 0.149023 0.155273 0.076172 0.185547
6 0.224609 0.153906 0.074219 0.179688
6 0.302539 0.153711 0.080078 0.185547
6 0.382812 0.149219 0.078125 0.179688
6 0.459375 0.145508 0.078125 0.181641
6 0.537500 0.143945 0.078125 0.181641
6 0.615625 0.142383 0.078125 0.181641
6 0.696289 0.142187 0.080078 0.187500
6 0.779102 0.138477 0.080078 0.189453
6 0.860352 0.133203 0.080078 0.191406
6 0.943750 0.131250 0.078125 0.187500
6 0.065234 0.343164 0.074219 0.189453
6 0.138672 0.343164 0.074219 0.189453
6 0.212865 0.342614 0.085105 0.194603
6 0.291602 0.340625 0.080078 0.187500
6 0.375391 0.334570 0.082031 0.197266
6 0.454102 0.333594 0.080078 0.195312
6 0.534766 0.332031 0.082031 0.195312
6 0.616016 0.329492 0.082031 0.193359
6 0.701953 0.329102 0.082031 0.189453
6 0.783203 0.326953 0.082031 0.191406
6 0.866016 0.323828 0.082031 0.191406
6 0.948242 0.321094 0.083984 0.195312
6 0.056250 0.621094 0.078125 0.195312
6 0.134375 0.620117 0.078125 0.193359
6 0.209961 0.619141 0.076172 0.191406
6 0.287500 0.617578 0.078125 0.191406
6 0.356836 0.616016 0.060547 0.191406
6 0.419336 0.616992 0.060547 0.193359
6 0.803516 0.610742 0.097656 0.193359
6 0.887695 0.611328 0.087891 0.191406
6 0.963672 0.611719 0.074219 0.195312
6 0.070898 0.814453 0.076172 0.191406
6 0.145898 0.812891 0.076172 0.191406
6 0.222461 0.812305 0.076172 0.193359
6 0.295898 0.809180 0.076172 0.193359
6 0.365039 0.811133 0.064453 0.197266
6 0.428711 0.808008 0.060547 0.197266
6 0.501953 0.805469 0.082031 0.210938
6 0.581641 0.807031 0.082031 0.210938
6 0.660156 0.807031 0.085938 0.210938
6 0.740234 0.808008 0.089844 0.212891
6 0.822070 0.808398 0.087891 0.201172
6 0.904297 0.808984 0.089844 0.199219
6 0.972070 0.808008 0.056641 0.197266
