4 0.654288 0.530838 0.292950 0.274177
4 0.661719 0.389453 0.242188 0.300781
4 0.765039 0.195703 0.283203 0.253906
4 0.064453 0.084961 0.128906 0.169922
4 0.912891 0.900781 0.175781 0.179688
4 0.242578 0.708789 0.222656 0.158203
4 0.038086 0.711719 0.076172 0.132812
4 0.470117 0.808984 0.380859 0.371094
6 0.778320 0.843750 0.087891 0.062500
1 0.686914 0.673242 0.126953 0.099609
1 0.770117 0.512109 0.146484 0.152344
4 0.283789 0.468750 0.205078 0.156250
4 0.256641 0.276172 0.253906 0.246094
4 0.054688 0.576172 0.109375 0.152344
4 0.473438 0.247461 0.203125 0.169922
6 0.678711 0.912500 0.107422 0.109375
1 0.913477 0.567383 0.064453 0.072266
