0 0.103320 0.296875 0.150391 0.390625
0 0.165430 0.738086 0.162109 0.341797
5 0.243555 0.310352 0.130859 0.361328
5 0.374023 0.302148 0.154297 0.373047
0 0.499805 0.336719 0.099609 0.304688
0 0.606445 0.298438 0.119141 0.375000
0 0.742578 0.342578 0.128906 0.285156
0 0.891211 0.332813 0.154297 0.296875
0 0.933203 0.729102 0.128906 0.345703
5 0.289844 0.755469 0.117188 0.304688
5 0.409961 0.735938 0.138672 0.343750
5 0.561328 0.730859 0.144531 0.339844
5 0.696875 0.705859 0.140625 0.292969
5 0.819141 0.704688 0.144531 0.296875
