2 0.251074 0.941992 0.436523 0.115234
2 0.250488 0.820117 0.438477 0.115234
2 0.250879 0.689844 0.442383 0.117188
2 0.252246 0.566211 0.448242 0.123047
2 0.262988 0.414844 0.407227 0.164062
2 0.261621 0.250000 0.401367 0.156250
2 0.262500 0.088281 0.406250 0.164062
2 0.750586 0.892578 0.498047 0.144531
2 0.752734 0.752734 0.496094 0.136719
2 0.750586 0.610938 0.498047 0.140625
2 0.751367 0.429688 0.443359 0.125000
2 0.751367 0.310547 0.443359 0.121094
2 0.751758 0.193945 0.447266 0.119141
2 0.748145 0.066406 0.446289 0.117188
