6 0.058008 0.282813 0.087891 0.187500
6 0.137109 0.285938 0.089844 0.187500
6 0.219336 0.288477 0.091797 0.189453
6 0.300391 0.292773 0.082031 0.185547
6 0.380664 0.294336 0.080078 0.185547
6 0.458789 0.295898 0.080078 0.185547
6 0.536914 0.297461 0.080078 0.185547
6 0.608203 0.320117 0.066406 0.146484
6 0.678711 0.321094 0.076172 0.148438
6 0.756250 0.322656 0.078125 0.148438
6 0.833398 0.323242 0.076172 0.146484
6 0.955859 0.302344 0.089844 0.195312
6 0.914648 0.536914 0.076172 0.189453
6 0.838672 0.533789 0.074219 0.189453
6 0.763086 0.531250 0.076172 0.187500
6 0.685937 0.529687 0.078125 0.187500
6 0.608398 0.529102 0.076172 0.189453
6 0.534961 0.525000 0.076172 0.187500
6 0.458789 0.523438 0.080078 0.187500
6 0.378906 0.521875 0.085938 0.187500
6 0.297656 0.521289 0.085938 0.189453
6 0.217383 0.517578 0.087891 0.191406
6 0.139258 0.516016 0.087891 0.191406
6 0.061523 0.514453 0.091797 0.191406
6 0.042969 0.715820 0.085938 0.212891
6 0.117773 0.719531 0.091797 0.210938
6 0.198047 0.721094 0.089844 0.210938
6 0.280273 0.721094 0.091797 0.210938
6 0.367773 0.721680 0.091797 0.208984
6 0.448242 0.723242 0.083984 0.208984
6 0.525391 0.725977 0.082031 0.205078
6 0.603125 0.726953 0.078125 0.207031
6 0.682227 0.727539 0.080078 0.205078
6 0.764062 0.729102 0.078125 0.205078
6 0.840625 0.732227 0.078125 0.205078
6 0.915039 0.733789 0.080078 0.205078
