5 0.453906 0.125000 0.226562 0.156250
5 0.218555 0.296484 0.240234 0.183594
5 0.113281 0.422266 0.226562 0.128906
5 0.417578 0.304688 0.222656 0.187500
5 0.703125 0.276953 0.093750 0.222656
5 0.530859 0.356055 0.214844 0.162109
5 0.805078 0.460352 0.113281 0.236328
5 0.492188 0.465430 0.250000 0.146484
5 0.313281 0.498437 0.164062 0.250000
5 0.172461 0.555664 0.248047 0.126953
5 0.216406 0.707031 0.257812 0.195312
5 0.433984 0.694141 0.261719 0.128906
5 0.590820 0.508203 0.197266 0.113281
5 0.578125 0.589258 0.203125 0.087891
5 0.762695 0.633398 0.212891 0.154297
5 0.409570 0.858984 0.134766 0.246094
5 0.590234 0.714453 0.199219 0.160156
5 0.747656 0.809570 0.085938 0.212891
5 0.565234 0.846680 0.199219 0.115234
5 0.265625 0.934180 0.234375 0.130859
