0 0.521289 0.936328 0.126953 0.128906
0 0.610742 0.929688 0.083984 0.125000
0 0.698828 0.934180 0.097656 0.130859
0 0.795703 0.934180 0.097656 0.130859
0 0.889062 0.925586 0.093750 0.107422
3 0.293750 0.659180 0.171875 0.177734
3 0.299219 0.719727 0.164062 0.158203
3 0.884375 0.723047 0.218750 0.167969
3 0.578516 0.721680 0.160156 0.162109
3 0.589453 0.664453 0.160156 0.175781
3 0.731445 0.717187 0.150391 0.171875
3 0.940234 0.387695 0.121094 0.212891
3 0.766602 0.389648 0.173828 0.201172
3 0.595313 0.387695 0.171875 0.197266
3 0.419336 0.386133 0.169922 0.197266
3 0.900391 0.343555 0.160156 0.193359
0 0.276758 0.934180 0.134766 0.130859
0 0.145898 0.933008 0.138672 0.134766
3 0.245703 0.364258 0.175781 0.228516
3 0.067383 0.362695 0.134766 0.228516
