5 0.891016 0.481250 0.128906 0.453125
5 0.734961 0.468457 0.091797 0.446289
5 0.816211 0.478809 0.107422 0.448242
5 0.657715 0.459766 0.096680 0.441406
5 0.578906 0.463965 0.132812 0.440430
5 0.469727 0.423535 0.080078 0.450195
5 0.393555 0.424414 0.099609 0.455078
5 0.320703 0.432324 0.128906 0.452148
5 0.242188 0.445410 0.140625 0.450195
5 0.166992 0.451953 0.146484 0.441406
5 0.711523 0.820996 0.091797 0.104492
5 0.612109 0.792578 0.058594 0.128906
5 0.613672 0.727148 0.074219 0.091797
5 0.717187 0.760840 0.093750 0.096680
5 0.711328 0.716406 0.097656 0.070312
5 0.787500 0.798926 0.062500 0.125977
5 0.799414 0.744043 0.080078 0.100586
5 0.888477 0.793262 0.111328 0.092773
5 0.885156 0.743945 0.101562 0.087891
5 0.911914 0.706934 0.064453 0.057617
5 0.900781 0.188574 0.101562 0.124023
5 0.899414 0.226855 0.048828 0.053711
5 0.733203 0.195410 0.097656 0.106445
5 0.453125 0.148340 0.093750 0.096680
5 0.442871 0.174707 0.041992 0.055664
5 0.382227 0.167871 0.080078 0.057617
5 0.315039 0.143262 0.048828 0.124023
5 0.194141 0.168848 0.113281 0.090820
5 0.097656 0.140918 0.085938 0.116211
5 0.530859 0.830957 0.089844 0.102539
5 0.532031 0.774414 0.070312 0.111328
5 0.529102 0.726660 0.064453 0.090820
5 0.451172 0.714844 0.058594 0.117188
5 0.437598 0.786816 0.059570 0.129883
5 0.375391 0.725293 0.066406 0.116211
5 0.351172 0.794629 0.074219 0.129883
5 0.295898 0.736426 0.044922 0.125977
5 0.311328 0.685449 0.035156 0.045898
5 0.916113 0.644824 0.047852 0.077148
5 0.917480 0.586035 0.038086 0.059570
5 0.296289 0.814551 0.064453 0.157227
5 0.204492 0.792090 0.083984 0.127930
5 0.206641 0.742285 0.082031 0.106445
5 0.245898 0.713770 0.044922 0.086914
5 0.108203 0.829980 0.113281 0.116211
5 0.105078 0.756445 0.113281 0.119141
5 0.126758 0.695898 0.087891 0.123047
5 0.098047 0.612598 0.089844 0.106445
5 0.086719 0.544531 0.101562 0.101562
5 0.081445 0.402051 0.072266 0.110352
5 0.086426 0.345410 0.047852 0.122070
5 0.075293 0.263965 0.038086 0.065430
5 0.088379 0.192969 0.067383 0.085938
5 0.188281 0.193262 0.070312 0.061523
5 0.273242 0.185254 0.037109 0.051758
5 0.819141 0.198926 0.113281 0.110352
5 0.814551 0.222363 0.047852 0.063477
5 0.635802 0.182827 0.087230 0.096903
5 0.614844 0.218359 0.054688 0.058594
