6 0.941992 0.826953 0.115234 0.347656
6 0.416602 0.822266 0.158203 0.316406
6 0.298633 0.812305 0.166016 0.302734
6 0.083008 0.799609 0.166016 0.292969
6 0.936914 0.395898 0.126953 0.294922
6 0.816992 0.399805 0.130859 0.287109
6 0.360938 0.376367 0.140625 0.224609
6 0.257617 0.376563 0.146484 0.218750
6 0.154883 0.377734 0.150391 0.214844
6 0.182617 0.801758 0.177734 0.291016
6 0.459961 0.381250 0.123047 0.250000
6 0.622461 0.098242 0.091797 0.177734
6 0.711523 0.091797 0.091797 0.183594
6 0.805078 0.088867 0.097656 0.177734
6 0.898047 0.098047 0.105469 0.152344
