0 0.156641 0.373535 0.097656 0.293945
0 0.519141 0.375879 0.128906 0.301758
0 0.763672 0.378027 0.136719 0.299805
0 0.732031 0.759375 0.117188 0.296875
0 0.618555 0.789941 0.115234 0.317383
0 0.507227 0.785254 0.111328 0.317383
0 0.400391 0.778711 0.113281 0.326172
0 0.293945 0.780078 0.119141 0.316406
0 0.945312 0.795508 0.109375 0.322266
0 0.172266 0.781641 0.144531 0.300781
0 0.258789 0.372949 0.126953 0.295898
0 0.384180 0.373828 0.130859 0.300781
0 0.637695 0.379688 0.119141 0.296875
0 0.896875 0.380664 0.140625 0.298828
