5 0.388672 0.110352 0.449219 0.220703
5 0.409570 0.290625 0.369141 0.156250
5 0.486719 0.443164 0.414062 0.126953
5 0.551758 0.541016 0.322266 0.082031
5 0.523828 0.373633 0.378906 0.181641
5 0.626758 0.669922 0.353516 0.121094
5 0.579102 0.744141 0.376953 0.144531
5 0.606445 0.865625 0.353516 0.171875
0 0.075195 0.401758 0.150391 0.150391
0 0.107520 0.535156 0.211914 0.132812
0 0.135352 0.655664 0.267578 0.126953
0 0.184961 0.769531 0.263672 0.117188
0 0.231445 0.861914 0.259766 0.126953
0 0.265625 0.945898 0.234375 0.107422
0 0.619141 0.941406 0.300781 0.117188
5 0.523438 0.600391 0.328125 0.128906
