0 0.172559 0.145313 0.260742 0.078125
0 0.170508 0.208008 0.259766 0.072266
0 0.169336 0.691016 0.263672 0.082031
0 0.544922 0.867773 0.339844 0.123047
0 0.557520 0.470117 0.368164 0.146484
0 0.559375 0.310547 0.375000 0.152344
0 0.555664 0.160156 0.376953 0.148438
0 0.174902 0.270898 0.268555 0.076172
0 0.168555 0.358984 0.255859 0.089844
0 0.172949 0.439063 0.264648 0.078125
0 0.177832 0.521484 0.274414 0.089844
0 0.170898 0.610742 0.263672 0.083984
0 0.174121 0.766992 0.276367 0.068359
0 0.178711 0.843164 0.263672 0.095703
0 0.544922 0.609766 0.339844 0.128906
0 0.544824 0.742188 0.342773 0.140625
0 0.544922 0.956445 0.339844 0.087891
1 0.575293 0.050781 0.397461 0.101562
