0 0.119727 0.199219 0.142578 0.335938
0 0.251367 0.203125 0.130859 0.328125
0 0.378711 0.181055 0.123047 0.287109
0 0.501758 0.178320 0.119141 0.291016
0 0.624609 0.180469 0.121094 0.289062
0 0.748437 0.182227 0.125000 0.283203
0 0.879492 0.182617 0.130859 0.287109
0 0.965430 0.785742 0.068359 0.302734
0 0.871094 0.781250 0.132812 0.296875
0 0.748828 0.782227 0.128906 0.298828
0 0.621875 0.781641 0.125000 0.300781
0 0.475195 0.769531 0.134766 0.320312
0 0.305078 0.784570 0.144531 0.322266
0 0.159961 0.784570 0.154297 0.322266
