5 0.106445 0.327148 0.166016 0.310547
5 0.272266 0.287500 0.191406 0.375000
5 0.433398 0.323828 0.169922 0.316406
5 0.605469 0.316406 0.164062 0.304688
5 0.786914 0.279883 0.111328 0.384766
5 0.706445 0.274805 0.103516 0.349609
5 0.917578 0.309180 0.160156 0.302734
5 0.101367 0.851367 0.146484 0.240234
5 0.244922 0.824219 0.152344 0.289062
5 0.435156 0.839258 0.148438 0.244141
5 0.613281 0.842578 0.148438 0.238281
5 0.777734 0.781641 0.136719 0.222656
5 0.941406 0.806445 0.117188 0.291016
5 0.897852 0.702539 0.111328 0.236328
