1 0.889421 0.018970 0.153842 0.037941
1 0.220706 0.944066 0.216412 0.113133
1 0.216571 0.840493 0.208142 0.165361
1 0.217593 0.704284 0.200811 0.146069
1 0.216571 0.561495 0.208142 0.166739
1 0.474609 0.412109 0.167969 0.121094
1 0.477148 0.538477 0.169922 0.142578
1 0.481055 0.671875 0.162109 0.140625
1 0.485156 0.796289 0.164062 0.142578
1 0.484766 0.921875 0.175781 0.156250
1 0.473047 0.292969 0.167969 0.132812
1 0.475195 0.164648 0.166016 0.138672
1 0.473633 0.050781 0.166016 0.101562
1 0.707617 0.887305 0.146484 0.146484
1 0.707031 0.772852 0.148438 0.142578
1 0.705469 0.652148 0.148438 0.123047
1 0.705078 0.538477 0.144531 0.111328
1 0.708984 0.431445 0.136719 0.119141
1 0.695117 0.318359 0.146484 0.121094
1 0.691211 0.204883 0.154297 0.119141
1 0.688086 0.089453 0.154297 0.128906
1 0.896484 0.701172 0.121094 0.105469
1 0.890625 0.601562 0.125000 0.093750
1 0.889648 0.506641 0.123047 0.097656
1 0.889062 0.413477 0.125000 0.095703
1 0.888281 0.325977 0.117188 0.095703
1 0.888477 0.238281 0.111328 0.101562
1 0.883789 0.154102 0.126953 0.095703
1 0.882227 0.070312 0.126953 0.109375
1 0.217188 0.423828 0.187500 0.128906
1 0.216406 0.280859 0.195312 0.152344
1 0.220312 0.173437 0.171875 0.109375
1 0.218750 0.059570 0.171875 0.119141
