6 0.075195 0.252734 0.150391 0.152344
6 0.235937 0.251563 0.187500 0.156250
6 0.414844 0.253516 0.179688 0.160156
6 0.085938 0.546484 0.171875 0.433594
6 0.254688 0.546680 0.187500 0.427734
6 0.437891 0.544922 0.175781 0.417969
6 0.585742 0.145117 0.162109 0.130859
6 0.746680 0.136133 0.162109 0.103516
6 0.908008 0.135352 0.166016 0.111328
6 0.606445 0.252539 0.197266 0.158203
6 0.781836 0.250586 0.169922 0.138672
6 0.620508 0.533594 0.197266 0.429688
6 0.796680 0.531641 0.208984 0.425781
6 0.929102 0.529297 0.142578 0.417969
