1 0.246094 0.122461 0.101562 0.154297
1 0.356250 0.112305 0.125000 0.177734
1 0.449609 0.127344 0.074219 0.148438
1 0.513281 0.119141 0.070312 0.160156
1 0.579492 0.121484 0.068359 0.152344
1 0.646875 0.116016 0.125000 0.160156
1 0.766211 0.098242 0.138672 0.193359
1 0.212500 0.335938 0.171875 0.187500
1 0.870703 0.331055 0.175781 0.193359
1 0.736719 0.570312 0.179688 0.187500
1 0.898242 0.559961 0.162109 0.169922
1 0.919531 0.839648 0.132812 0.185547
1 0.791992 0.844141 0.130859 0.191406
1 0.669336 0.838281 0.138672 0.195312
1 0.532031 0.843359 0.132812 0.183594
1 0.408008 0.842187 0.134766 0.187500
1 0.274805 0.840625 0.130859 0.187500
1 0.150977 0.841602 0.126953 0.189453
1 0.046875 0.841602 0.093750 0.189453
1 0.711914 0.331055 0.173828 0.193359
1 0.561133 0.568359 0.181641 0.183594
1 0.066406 0.340820 0.132812 0.197266
1 0.368750 0.326562 0.171875 0.171875
1 0.128320 0.128906 0.150391 0.148438
1 0.538086 0.332813 0.169922 0.187500
