4 0.897940 0.098730 0.202130 0.147461
4 0.647852 0.347559 0.564453 0.448242
4 0.893448 0.363281 0.211895 0.382812
4 0.481250 0.525781 0.406250 0.445312
4 0.164062 0.479980 0.328125 0.319336
4 0.218164 0.292285 0.283203 0.106445
4 0.243945 0.639648 0.322266 0.373047
4 0.096680 0.792480 0.193359 0.413086
4 0.319727 0.858203 0.330078 0.285156
4 0.229883 0.858203 0.150391 0.285156
4 0.563867 0.784082 0.349609 0.430664
4 0.675781 0.834863 0.210938 0.329102
4 0.861328 0.705469 0.269531 0.507812
4 0.867764 0.896191 0.263653 0.208008
4 0.041992 0.283496 0.083984 0.276367
4 0.947656 0.477637 0.101562 0.170898
