2 0.208008 0.183203 0.416016 0.300781
2 0.269336 0.078125 0.419922 0.156250
2 0.608789 0.158984 0.486328 0.136719
2 0.700000 0.290820 0.515625 0.134766
2 0.248633 0.369141 0.384766 0.269531
2 0.619531 0.420312 0.476562 0.125000
2 0.862305 0.219727 0.130859 0.439453
2 0.237695 0.584766 0.384766 0.238281
2 0.347461 0.539844 0.185547 0.148438
2 0.679297 0.536523 0.449219 0.138672
2 0.672852 0.641016 0.470703 0.144531
2 0.791797 0.795703 0.246094 0.175781
2 0.439844 0.770508 0.507812 0.150391
2 0.140625 0.743555 0.281250 0.208984
2 0.350000 0.917969 0.500000 0.164062
