0 0.163672 0.210352 0.136719 0.408203
0 0.288477 0.210938 0.126953 0.406250
0 0.398438 0.210742 0.125000 0.412109
0 0.509375 0.240234 0.109375 0.355469
0 0.623047 0.242969 0.121094 0.351562
0 0.729883 0.238867 0.103516 0.349609
0 0.842578 0.238281 0.128906 0.351562
0 0.936914 0.237109 0.111328 0.355469
0 0.078516 0.777344 0.128906 0.289062
0 0.182031 0.790430 0.101562 0.287109
0 0.270508 0.805273 0.119141 0.294922
0 0.376953 0.805078 0.113281 0.300781
0 0.482422 0.797461 0.105469 0.294922
0 0.594141 0.808203 0.113281 0.300781
0 0.735156 0.773438 0.117188 0.281250
0 0.883594 0.811328 0.132812 0.300781
