5 0.899219 0.906836 0.148438 0.185547
5 0.721094 0.928516 0.132812 0.144531
5 0.908984 0.353516 0.183594 0.363281
5 0.754883 0.394922 0.150391 0.292969
5 0.631641 0.470313 0.160156 0.312500
5 0.487891 0.505469 0.160156 0.289062
5 0.407617 0.539062 0.146484 0.234375
5 0.676367 0.602930 0.162109 0.115234
5 0.359375 0.659570 0.062500 0.041016
5 0.372852 0.535937 0.080078 0.187500
5 0.288086 0.619141 0.107422 0.269531
5 0.201563 0.652930 0.125000 0.255859
5 0.046875 0.725977 0.093750 0.220703
0 0.779883 0.035156 0.134766 0.070312
0 0.661914 0.071289 0.111328 0.142578
0 0.565234 0.117188 0.121094 0.234375
0 0.463281 0.161914 0.101562 0.236328
0 0.221484 0.331055 0.121094 0.224609
0 0.124805 0.404883 0.099609 0.197266
0 0.066992 0.456836 0.083984 0.216797
0 0.316016 0.285156 0.128906 0.226562
