5 0.539355 0.225391 0.256836 0.113281
5 0.497168 0.114844 0.288086 0.132812
5 0.434375 0.050781 0.234375 0.101562
5 0.353906 0.252344 0.226562 0.382812
5 0.294531 0.371094 0.257812 0.398438
5 0.229785 0.505273 0.184570 0.404297
5 0.406055 0.714844 0.146484 0.351562
5 0.490918 0.707031 0.178711 0.367188
5 0.504883 0.910156 0.244141 0.179688
5 0.144531 0.539648 0.148438 0.341797
5 0.094727 0.320898 0.189453 0.201172
5 0.123145 0.182031 0.243164 0.164062
5 0.350879 0.804102 0.192383 0.392578
5 0.248730 0.829688 0.163086 0.265625
