5 0.815234 0.777344 0.246094 0.085938
5 0.927539 0.655859 0.142578 0.246094
5 0.779297 0.586719 0.230469 0.195312
5 0.647266 0.633594 0.253906 0.085938
5 0.552734 0.745898 0.246094 0.123047
5 0.248633 0.795898 0.306641 0.091797
5 0.240234 0.677539 0.308594 0.111328
5 0.249414 0.556250 0.314453 0.109375
5 0.458594 0.500586 0.242188 0.169922
5 0.769141 0.476562 0.238281 0.140625
5 0.573242 0.388281 0.162109 0.257812
5 0.906836 0.323242 0.091797 0.255859
5 0.726172 0.367969 0.246094 0.148438
5 0.665039 0.206445 0.251953 0.134766
5 0.400195 0.221680 0.306641 0.146484
5 0.323828 0.368750 0.269531 0.093750
5 0.127930 0.290039 0.130859 0.314453
