3 0.759766 0.252344 0.285156 0.476562
3 0.725977 0.752734 0.283203 0.496094
3 0.261719 0.750781 0.398438 0.476562
3 0.250586 0.419531 0.107422 0.148438
3 0.252832 0.068164 0.102539 0.111328
3 0.332910 0.070312 0.075195 0.125000
3 0.192480 0.140039 0.100586 0.126953
3 0.200879 0.254492 0.098633 0.115234
3 0.183301 0.366992 0.094727 0.115234
3 0.269531 0.179688 0.085938 0.109375
3 0.264648 0.290625 0.091797 0.109375
3 0.335352 0.188281 0.064453 0.117188
3 0.334375 0.315234 0.078125 0.136719
3 0.332031 0.428125 0.070312 0.093750
