1 0.065430 0.195703 0.130859 0.191406
1 0.176367 0.196680 0.146484 0.193359
1 0.305078 0.200195 0.128906 0.197266
1 0.434570 0.200586 0.134766 0.201172
1 0.561914 0.202148 0.126953 0.201172
1 0.700586 0.206836 0.138672 0.201172
1 0.831641 0.214258 0.144531 0.197266
1 0.941992 0.216602 0.115234 0.205078
1 0.069727 0.433984 0.111328 0.152344
1 0.180273 0.444141 0.123047 0.175781
1 0.293555 0.438281 0.115234 0.164062
1 0.405273 0.454102 0.107422 0.173828
1 0.519141 0.463281 0.113281 0.164062
1 0.630664 0.462695 0.111328 0.166016
1 0.739062 0.466211 0.109375 0.169922
1 0.856250 0.470703 0.125000 0.175781
1 0.953125 0.477148 0.093750 0.169922
1 0.105078 0.654687 0.113281 0.140625
1 0.208594 0.667383 0.117188 0.134766
1 0.323242 0.665625 0.115234 0.156250
1 0.427539 0.671289 0.111328 0.158203
1 0.534961 0.674609 0.107422 0.152344
1 0.640625 0.675586 0.109375 0.154297
1 0.755859 0.686523 0.121094 0.154297
1 0.864062 0.690430 0.125000 0.146484
1 0.118555 0.852539 0.115234 0.126953
1 0.222266 0.857227 0.097656 0.126953
1 0.325977 0.859375 0.095703 0.125000
1 0.434961 0.866992 0.107422 0.130859
1 0.536523 0.870703 0.107422 0.128906
1 0.647266 0.878906 0.097656 0.132812
1 0.757422 0.887109 0.105469 0.136719
1 0.869141 0.894336 0.113281 0.138672
