0 0.203125 0.634375 0.150000 0.346875
0 0.341406 0.621094 0.142187 0.367188
0 0.479687 0.635156 0.143750 0.370312
0 0.644531 0.635938 0.145313 0.337500
0 0.800781 0.637500 0.148438 0.343750
0 0.287500 0.365625 0.068750 0.131250
0 0.349219 0.364844 0.060937 0.129688
0 0.407031 0.364844 0.057813 0.139063
0 0.458594 0.363281 0.057813 0.135937
0 0.517969 0.361719 0.054688 0.135937
0 0.568750 0.356250 0.059375 0.128125
0 0.633594 0.361719 0.048438 0.126562
0 0.685937 0.369531 0.037500 0.110937
0 0.733594 0.366406 0.048438 0.095312
0 0.787500 0.368750 0.062500 0.103125
