0 0.201563 0.267383 0.109375 0.275391
0 0.300391 0.266211 0.097656 0.279297
0 0.392969 0.260352 0.101562 0.283203
0 0.486914 0.260742 0.095703 0.287109
0 0.579688 0.256250 0.093750 0.281250
0 0.674609 0.255273 0.105469 0.294922
0 0.775781 0.255859 0.101562 0.292969
0 0.161133 0.706836 0.150391 0.388672
0 0.297461 0.717383 0.154297 0.400391
0 0.441797 0.725977 0.136719 0.408203
0 0.579102 0.705664 0.126953 0.392578
0 0.714844 0.716797 0.148438 0.402344
0 0.867773 0.741016 0.138672 0.425781
0 0.881641 0.245898 0.113281 0.279297
0 0.964258 0.243164 0.072266 0.283203
0 0.964258 0.682031 0.072266 0.367188
0 0.116992 0.236328 0.083984 0.285156
0 0.046875 0.238672 0.093750 0.277344
