0 0.120508 0.270117 0.087891 0.271484
0 0.044922 0.258789 0.089844 0.298828
0 0.210742 0.270508 0.115234 0.275391
0 0.316016 0.269922 0.113281 0.277344
0 0.431055 0.270508 0.115234 0.291016
0 0.530859 0.267188 0.089844 0.281250
0 0.617773 0.266602 0.091797 0.283203
0 0.703711 0.270508 0.107422 0.291016
0 0.802734 0.264453 0.089844 0.285156
0 0.884375 0.276758 0.109375 0.259766
0 0.956445 0.277734 0.087891 0.261719
0 0.057617 0.799414 0.115234 0.267578
0 0.167773 0.824219 0.107422 0.226562
0 0.267188 0.842578 0.125000 0.222656
0 0.381445 0.840820 0.119141 0.228516
0 0.904297 0.679492 0.074219 0.146484
