5 0.410742 0.199219 0.318359 0.101562
5 0.607422 0.252539 0.230469 0.283203
5 0.662500 0.365820 0.234375 0.275391
5 0.832812 0.424805 0.140625 0.287109
5 0.319922 0.307422 0.277344 0.121094
5 0.113086 0.400781 0.107422 0.273438
5 0.409180 0.414648 0.287109 0.123047
5 0.326758 0.514258 0.291016 0.119141
5 0.197266 0.590430 0.300781 0.099609
5 0.435547 0.626953 0.292969 0.191406
5 0.204102 0.748633 0.330078 0.197266
5 0.489648 0.749023 0.248047 0.263672
5 0.659570 0.620117 0.087891 0.287109
5 0.809375 0.641016 0.140625 0.300781
5 0.948633 0.649805 0.103516 0.302734
5 0.865039 0.271289 0.236328 0.330078
