1 0.929688 0.782031 0.140625 0.185938
1 0.786719 0.797656 0.154688 0.223438
1 0.644531 0.810937 0.160938 0.243750
1 0.462500 0.839063 0.209375 0.309375
1 0.283594 0.819531 0.214062 0.267188
1 0.963281 0.478125 0.073438 0.278125
1 0.835156 0.471875 0.192188 0.240625
1 0.634375 0.460938 0.209375 0.275000
1 0.453125 0.474219 0.209375 0.254688
1 0.253125 0.514062 0.234375 0.321875
1 0.817969 0.118750 0.223438 0.237500
1 0.602344 0.117969 0.201563 0.232813
1 0.414062 0.125000 0.203125 0.250000
1 0.214844 0.121875 0.198437 0.243750
1 0.071875 0.139844 0.143750 0.276562
