5 0.141602 0.117578 0.283203 0.144531
5 0.410156 0.089453 0.257812 0.128906
5 0.700781 0.188086 0.257812 0.263672
5 0.123047 0.247070 0.246094 0.197266
5 0.077148 0.395117 0.154297 0.083984
5 0.299414 0.316992 0.283203 0.240234
5 0.598633 0.288477 0.259766 0.251953
5 0.410547 0.351953 0.277344 0.222656
5 0.475391 0.436328 0.300781 0.222656
5 0.185352 0.577539 0.126953 0.283203
5 0.061523 0.680664 0.123047 0.298828
5 0.294531 0.678516 0.117188 0.332031
5 0.450195 0.711523 0.212891 0.310547
5 0.598242 0.527734 0.240234 0.246094
5 0.753906 0.570898 0.289062 0.201172
5 0.750977 0.693750 0.283203 0.125000
5 0.801367 0.813477 0.287109 0.111328
