0 0.100391 0.167285 0.175781 0.309570
0 0.249609 0.159473 0.121094 0.262695
0 0.387695 0.147852 0.181641 0.251953
0 0.276172 0.374609 0.308594 0.199219
0 0.606445 0.196582 0.181641 0.321289
0 0.749414 0.164844 0.111328 0.273438
0 0.882617 0.132422 0.146484 0.261719
0 0.836914 0.379883 0.314453 0.197266
0 0.092383 0.651172 0.166016 0.261719
0 0.225000 0.676562 0.125000 0.250000
0 0.403711 0.716602 0.169922 0.267578
0 0.613086 0.704883 0.169922 0.291016
0 0.745117 0.677734 0.115234 0.246094
0 0.885547 0.637598 0.152344 0.247070
0 0.814063 0.874609 0.265625 0.230469
0 0.163672 0.871484 0.277344 0.152344
