5 0.096484 0.380859 0.152344 0.355469
5 0.038086 0.381641 0.076172 0.300781
5 0.218359 0.412695 0.121094 0.369141
5 0.333984 0.437500 0.121094 0.390625
5 0.493164 0.472266 0.126953 0.410156
5 0.639062 0.515625 0.156250 0.437500
5 0.057422 0.712500 0.074219 0.187500
5 0.119727 0.742188 0.111328 0.203125
5 0.200195 0.779883 0.072266 0.197266
5 0.266602 0.817383 0.111328 0.228516
5 0.366992 0.870508 0.083984 0.228516
0 0.956445 0.750781 0.087891 0.289062
5 0.823047 0.563867 0.199219 0.474609
5 0.474414 0.901172 0.095703 0.199219
5 0.611328 0.938086 0.113281 0.123047
