0 0.118945 0.228320 0.197266 0.291016
0 0.252344 0.178516 0.210938 0.253906
0 0.360938 0.151367 0.203125 0.224609
0 0.363281 0.372949 0.273438 0.217773
0 0.102539 0.715820 0.173828 0.259766
0 0.208398 0.645801 0.185547 0.219727
0 0.328906 0.617773 0.164062 0.201172
0 0.357227 0.825293 0.283203 0.241211
0 0.651172 0.829590 0.277344 0.284180
0 0.749414 0.713281 0.267578 0.210938
0 0.870898 0.646387 0.248047 0.186523
0 0.829102 0.349609 0.314453 0.246094
0 0.748047 0.205469 0.277344 0.117188
0 0.686328 0.072656 0.269531 0.101562
