5 0.712891 0.558984 0.207031 0.402344
5 0.457617 0.623437 0.224609 0.421875
5 0.195312 0.620898 0.218750 0.419922
5 0.059570 0.624023 0.119141 0.404297
5 0.289062 0.559570 0.203125 0.384766
5 0.469727 0.380469 0.189453 0.070312
5 0.833789 0.369141 0.205078 0.050781
5 0.657227 0.508203 0.189453 0.363281
5 0.747852 0.251953 0.095703 0.097656
5 0.680469 0.314258 0.164062 0.056641
5 0.854297 0.326172 0.183594 0.058594
5 0.444727 0.340820 0.189453 0.056641
5 0.461523 0.308203 0.169922 0.050781
5 0.284766 0.323242 0.160156 0.083984
5 0.226172 0.366797 0.167969 0.105469
5 0.073242 0.362695 0.146484 0.103516
5 0.075195 0.542969 0.150391 0.382812
5 0.393945 0.249805 0.103516 0.115234
5 0.282227 0.273242 0.158203 0.037109
5 0.115039 0.298633 0.173828 0.041016
5 0.890625 0.603516 0.218750 0.425781
