4 0.420898 0.244336 0.248047 0.154297
4 0.142578 0.358594 0.285156 0.304688
4 0.379492 0.490039 0.443359 0.345703
4 0.302344 0.323828 0.195312 0.175781
4 0.388281 0.312695 0.070312 0.041016
4 0.571680 0.302344 0.287109 0.101562
4 0.843750 0.333691 0.312500 0.192383
4 0.656250 0.229687 0.281250 0.125000
4 0.898438 0.237012 0.203125 0.139648
4 0.101562 0.191602 0.203125 0.048828
4 0.709961 0.453125 0.544922 0.250000
4 0.789648 0.484668 0.419922 0.209961
4 0.657813 0.668750 0.484375 0.328125
4 0.890039 0.672070 0.220703 0.322266
4 0.402148 0.745117 0.326172 0.177734
4 0.174805 0.666504 0.349609 0.333008
