1 0.903906 0.147656 0.192188 0.279687
1 0.573438 0.163281 0.218750 0.276562
1 0.760156 0.182031 0.151562 0.267188
1 0.371094 0.138281 0.232813 0.273438
1 0.169531 0.169531 0.214062 0.335938
1 0.949219 0.483594 0.101562 0.342187
1 0.845313 0.475781 0.168750 0.285938
1 0.680469 0.497656 0.198437 0.329688
1 0.505469 0.479687 0.192188 0.250000
1 0.314844 0.499219 0.239063 0.298438
1 0.139063 0.504687 0.162500 0.271875
1 0.915625 0.785937 0.115625 0.300000
1 0.783594 0.817187 0.214062 0.365625
1 0.617188 0.827344 0.237500 0.345313
1 0.427344 0.828906 0.239063 0.326562
1 0.197656 0.847656 0.239063 0.304688
