6 0.168750 0.858594 0.150000 0.201563
6 0.184375 0.650781 0.156250 0.189062
6 0.186719 0.467187 0.195312 0.218750
6 0.169531 0.276562 0.170313 0.203125
6 0.155469 0.089063 0.176563 0.178125
6 0.299219 0.085156 0.139063 0.167187
6 0.315625 0.283594 0.178125 0.189062
6 0.305469 0.480469 0.135937 0.170313
6 0.317969 0.648438 0.164062 0.184375
6 0.324219 0.831250 0.129688 0.200000
6 0.164062 0.966406 0.156250 0.067187
6 0.310156 0.962500 0.120313 0.075000
6 0.459375 0.952344 0.143750 0.095312
6 0.460938 0.802344 0.146875 0.198437
6 0.481250 0.630469 0.118750 0.189062
6 0.464844 0.464062 0.142187 0.178125
6 0.471875 0.282813 0.125000 0.209375
6 0.446875 0.103125 0.181250 0.181250
6 0.733594 0.114062 0.423438 0.175000
6 0.739844 0.275000 0.404687 0.143750
6 0.744531 0.454688 0.395313 0.159375
6 0.748437 0.632812 0.418750 0.159375
6 0.737500 0.817969 0.428125 0.154688
6 0.750781 0.944531 0.404687 0.110937
