4 0.578711 0.755273 0.248047 0.154297
4 0.858203 0.641406 0.285156 0.304688
4 0.620117 0.510352 0.443359 0.345703
4 0.697656 0.676953 0.195312 0.175781
4 0.611719 0.687695 0.070312 0.041016
4 0.429492 0.697656 0.287109 0.101562
4 0.156250 0.666504 0.312500 0.192383
4 0.343750 0.770312 0.281250 0.125000
4 0.101562 0.763574 0.203125 0.139648
4 0.898438 0.808789 0.203125 0.048828
4 0.289648 0.548438 0.544922 0.250000
4 0.209961 0.514355 0.419922 0.209961
4 0.342187 0.331250 0.484375 0.328125
4 0.110352 0.328320 0.220703 0.322266
4 0.599023 0.256055 0.326172 0.177734
4 0.824805 0.333691 0.349609 0.333008
