5 0.680078 0.135156 0.222656 0.210938
5 0.697852 0.242969 0.189453 0.179688
5 0.702930 0.422266 0.208984 0.207031
5 0.726367 0.510352 0.193359 0.158203
5 0.767188 0.695898 0.093750 0.169922
5 0.508203 0.133398 0.238281 0.185547
5 0.313867 0.116992 0.224609 0.162109
5 0.255664 0.130664 0.001953 0.001953
5 0.441016 0.268359 0.207031 0.121094
5 0.536133 0.387305 0.134766 0.208984
5 0.591406 0.557031 0.226562 0.179688
5 0.639453 0.697852 0.175781 0.126953
5 0.584570 0.816016 0.181641 0.144531
5 0.417773 0.476172 0.201172 0.167969
5 0.328711 0.424219 0.232422 0.195312
5 0.266602 0.317773 0.158203 0.216797
5 0.395508 0.600000 0.181641 0.171875
5 0.503320 0.679492 0.197266 0.146484
5 0.273828 0.630469 0.128906 0.226562
5 0.342578 0.763672 0.191406 0.105469
5 0.387305 0.896094 0.224609 0.101562
