2 0.131445 0.497070 0.244141 0.259766
2 0.316016 0.546289 0.347656 0.392578
2 0.480469 0.043945 0.148438 0.087891
2 0.669336 0.111328 0.263672 0.222656
2 0.721289 0.049805 0.158203 0.099609
2 0.808203 0.295703 0.128906 0.222656
2 0.676758 0.222656 0.134766 0.132812
2 0.932422 0.260156 0.136719 0.242188
2 0.960938 0.325781 0.078125 0.195312
2 0.535742 0.406641 0.458984 0.175781
2 0.553516 0.525781 0.285156 0.148438
2 0.775000 0.580859 0.234375 0.167969
3 0.846484 0.764453 0.308594 0.269531
2 0.932422 0.717383 0.136719 0.166016
2 0.824219 0.896875 0.351562 0.171875
2 0.465625 0.921875 0.421875 0.156250
4 0.290039 0.093750 0.345703 0.187500
4 0.945898 0.106445 0.107422 0.212891
4 0.165625 0.335547 0.125000 0.121094
3 0.475391 0.224023 0.332031 0.201172
