4 0.336523 0.163574 0.326172 0.249023
4 0.263477 0.330566 0.470703 0.286133
4 0.123047 0.207520 0.246094 0.149414
4 0.256250 0.060059 0.484375 0.120117
4 0.155273 0.036230 0.310547 0.069336
4 0.131836 0.434180 0.263672 0.130859
4 0.378320 0.387305 0.244141 0.224609
4 0.240234 0.736426 0.480469 0.344727
4 0.234375 0.594727 0.468750 0.189453
4 0.243164 0.934180 0.486328 0.130859
4 0.764453 0.104004 0.472656 0.208008
4 0.630859 0.211914 0.261719 0.220703
4 0.878320 0.138574 0.244141 0.264648
4 0.614355 0.373340 0.225586 0.252930
4 0.778711 0.420703 0.326172 0.160156
4 0.872656 0.382031 0.254688 0.226562
4 0.847656 0.297266 0.304688 0.160156
4 0.624609 0.634766 0.246094 0.269531
4 0.793359 0.764453 0.339844 0.472656
4 0.925195 0.625488 0.150391 0.250977
4 0.706641 0.879004 0.300781 0.239258
4 0.559570 0.858887 0.119141 0.280273
4 0.925195 0.863379 0.150391 0.270508
