1 0.871094 0.093750 0.257812 0.187500
1 0.831250 0.257031 0.171875 0.089063
1 0.853125 0.383594 0.228125 0.176563
1 0.801562 0.542188 0.162500 0.146875
1 0.856250 0.671094 0.259375 0.185938
1 0.856250 0.803906 0.203125 0.110937
1 0.853125 0.914062 0.212500 0.171875
1 0.488341 0.114688 0.154808 0.229377
1 0.522221 0.659167 0.272567 0.208959
1 0.532441 0.818233 0.280506 0.152091
1 0.534665 0.953895 0.281830 0.092164
1 0.204276 0.130200 0.177302 0.201025
1 0.193830 0.299552 0.206411 0.211605
1 0.173335 0.475811 0.199795 0.189122
1 0.179528 0.641372 0.209056 0.163994
1 0.201952 0.804234 0.228905 0.177219
1 0.207062 0.934910 0.232873 0.129195
