0 0.953125 0.707422 0.093750 0.464844
0 0.857031 0.712305 0.148438 0.458984
0 0.730859 0.716406 0.136719 0.460938
0 0.611719 0.721094 0.132812 0.460938
0 0.494141 0.724414 0.128906 0.455078
0 0.375586 0.733203 0.123047 0.457031
0 0.256641 0.733008 0.128906 0.447266
0 0.123828 0.739844 0.144531 0.445312
0 0.913867 0.211523 0.115234 0.326172
0 0.810937 0.216797 0.109375 0.324219
0 0.709961 0.223633 0.107422 0.322266
0 0.614844 0.230273 0.101562 0.326172
0 0.524219 0.241797 0.101562 0.308594
0 0.414062 0.240234 0.109375 0.324219
0 0.315430 0.247461 0.099609 0.326172
0 0.214559 0.198164 0.097867 0.286953
0 0.131084 0.195471 0.096544 0.272192
0 0.056805 0.203273 0.088609 0.290920
