6 0.094141 0.713867 0.144531 0.255859
6 0.217188 0.701562 0.140625 0.281250
6 0.346825 0.695037 0.131150 0.299450
6 0.464784 0.691623 0.110819 0.223870
6 0.587284 0.680495 0.121442 0.251614
6 0.705871 0.680684 0.136742 0.242619
6 0.830813 0.694164 0.152252 0.222703
2 0.084474 0.274602 0.137698 0.396078
2 0.211199 0.270616 0.122398 0.403731
2 0.330240 0.275781 0.104230 0.404687
2 0.446146 0.280027 0.132917 0.406930
2 0.577098 0.280207 0.138570 0.394789
2 0.704673 0.284017 0.140595 0.389909
2 0.834067 0.280859 0.168134 0.392969
6 0.940234 0.668750 0.121094 0.218750
