4 0.143555 0.167969 0.271484 0.335938
4 0.373828 0.168945 0.253906 0.337891
4 0.149805 0.388965 0.240234 0.221680
4 0.345703 0.378906 0.207031 0.242188
4 0.578516 0.195801 0.191406 0.391602
4 0.798242 0.168945 0.318359 0.337891
4 0.945312 0.182129 0.109375 0.364258
4 0.748828 0.375000 0.222656 0.250000
4 0.582031 0.389453 0.164062 0.222656
4 0.918555 0.412988 0.162109 0.172852
4 0.922656 0.349902 0.070312 0.112305
4 0.221680 0.664648 0.443359 0.326172
4 0.086914 0.562988 0.173828 0.125977
4 0.459375 0.576660 0.078125 0.153320
4 0.427539 0.707031 0.142578 0.195312
4 0.138672 0.870020 0.277344 0.258789
4 0.228320 0.788867 0.119141 0.162109
4 0.364844 0.877832 0.226562 0.243164
4 0.442773 0.900684 0.123047 0.198242
4 0.600977 0.611328 0.111328 0.222656
4 0.771094 0.563477 0.226562 0.126953
4 0.571094 0.831445 0.148438 0.337891
4 0.729492 0.704492 0.208984 0.193359
4 0.753711 0.878418 0.263672 0.241211
4 0.909570 0.668945 0.181641 0.337891
4 0.920703 0.902344 0.160156 0.195312
