4 0.253516 0.801367 0.472656 0.365234
4 0.138574 0.859961 0.217773 0.248047
4 0.253516 0.666992 0.472656 0.318359
4 0.726074 0.763477 0.436523 0.439453
4 0.777344 0.828125 0.414062 0.312500
4 0.557617 0.770117 0.099609 0.427734
4 0.823047 0.591797 0.324219 0.167969
4 0.195312 0.254492 0.359375 0.474609
4 0.134766 0.139160 0.238281 0.215820
4 0.333789 0.253516 0.314453 0.472656
4 0.826660 0.308398 0.168945 0.201172
4 0.777930 0.441992 0.146484 0.099609
4 0.724609 0.274219 0.214844 0.289062
4 0.620508 0.203125 0.087891 0.171875
