6 0.873047 0.835742 0.183594 0.130859
6 0.691211 0.829102 0.185547 0.142578
6 0.505273 0.821875 0.185547 0.140625
6 0.314844 0.825977 0.195312 0.142578
6 0.123047 0.819727 0.199219 0.142578
6 0.870508 0.681250 0.197266 0.125000
6 0.684570 0.677734 0.181641 0.136719
6 0.503906 0.675586 0.179688 0.138672
6 0.320898 0.678125 0.185547 0.140625
6 0.136328 0.671680 0.191406 0.130859
6 0.863672 0.546289 0.183594 0.126953
6 0.689063 0.546289 0.171875 0.126953
6 0.517188 0.545312 0.171875 0.125000
6 0.341406 0.541016 0.179688 0.128906
6 0.160938 0.540039 0.187500 0.126953
6 0.839648 0.265039 0.185547 0.423828
6 0.666602 0.263672 0.173828 0.433594
6 0.496875 0.263086 0.171875 0.435547
6 0.325195 0.259570 0.181641 0.431641
6 0.155664 0.257422 0.189453 0.433594
