4 0.895605 0.162109 0.209961 0.324219
4 0.636621 0.279883 0.432617 0.509766
4 0.648145 0.210547 0.415039 0.371094
4 0.619238 0.058594 0.344727 0.117188
4 0.833691 0.537207 0.333008 0.383789
4 0.742871 0.432031 0.120117 0.070312
4 0.666992 0.568359 0.255859 0.199219
4 0.926855 0.387793 0.147461 0.178711
4 0.859961 0.831445 0.279297 0.337891
4 0.568066 0.820898 0.442383 0.357422
4 0.450781 0.643945 0.398438 0.291016
4 0.208887 0.893359 0.311523 0.214844
4 0.171875 0.586914 0.343750 0.501953
4 0.234473 0.767969 0.075195 0.070312
4 0.148438 0.347070 0.296875 0.166016
4 0.339844 0.524219 0.210938 0.335938
4 0.129883 0.137695 0.259766 0.275391
4 0.238379 0.245703 0.208008 0.113281
