1 0.092969 0.100781 0.182812 0.198437
1 0.246875 0.098437 0.162500 0.178125
1 0.411719 0.107031 0.126562 0.167187
1 0.521094 0.100000 0.170313 0.153125
1 0.796094 0.090625 0.129688 0.150000
1 0.891406 0.088281 0.139063 0.173437
1 0.180469 0.344531 0.142187 0.170313
1 0.846094 0.339062 0.110937 0.190625
1 0.960938 0.321094 0.078125 0.198437
1 0.879687 0.610156 0.140625 0.139063
1 0.748437 0.609375 0.115625 0.165625
1 0.060156 0.644531 0.117188 0.167187
1 0.038281 0.932031 0.073438 0.135937
1 0.703906 0.921875 0.170313 0.128125
1 0.925000 0.864844 0.150000 0.070312
1 0.060352 0.398438 0.095703 0.093750
1 0.325000 0.348633 0.156250 0.181641
1 0.465430 0.344727 0.146484 0.189453
1 0.603320 0.343164 0.150391 0.189453
1 0.728906 0.334961 0.132812 0.201172
1 0.445117 0.616602 0.162109 0.173828
1 0.599609 0.611914 0.152344 0.173828
1 0.302344 0.614648 0.148438 0.185547
1 0.152344 0.619531 0.164062 0.179688
1 0.172852 0.895898 0.142578 0.201172
1 0.295508 0.899805 0.150391 0.177734
1 0.407617 0.909766 0.162109 0.144531
1 0.558594 0.888672 0.148438 0.199219
1 0.657031 0.107031 0.132812 0.148438
