4 0.914453 0.744531 0.160156 0.226562
4 0.855273 0.829102 0.123047 0.189453
4 0.740039 0.780664 0.142578 0.173828
4 0.746484 0.888086 0.105469 0.123047
4 0.637500 0.818359 0.125000 0.199219
4 0.846484 0.664648 0.121094 0.185547
4 0.732422 0.631836 0.136719 0.201172
4 0.614062 0.655371 0.125000 0.182617
4 0.572266 0.743555 0.144531 0.224609
4 0.330859 0.919629 0.339844 0.161133
4 0.143555 0.912988 0.287109 0.172852
4 0.249023 0.669043 0.498047 0.256836
4 0.249023 0.584570 0.498047 0.150391
4 0.439844 0.280566 0.101562 0.161133
4 0.378711 0.216504 0.107422 0.161133
4 0.303516 0.279590 0.097656 0.159180
4 0.249023 0.216504 0.107422 0.161133
4 0.188477 0.281055 0.095703 0.162109
4 0.123438 0.216504 0.109375 0.161133
4 0.064453 0.275977 0.097656 0.158203
4 0.764453 0.349316 0.472656 0.301758
4 0.750586 0.144531 0.498047 0.289062
