6 0.161523 0.541406 0.154297 0.054688
6 0.164062 0.601172 0.156250 0.074219
6 0.190039 0.891016 0.158203 0.082031
1 0.835352 0.482227 0.314453 0.205078
1 0.571875 0.478125 0.234375 0.171875
1 0.358789 0.466406 0.220703 0.164062
1 0.181250 0.451562 0.250000 0.156250
1 0.041992 0.458594 0.083984 0.132812
6 0.698242 0.126953 0.240234 0.144531
6 0.697656 0.253320 0.242188 0.134766
6 0.697852 0.356445 0.236328 0.087891
6 0.658008 0.605859 0.212891 0.089844
6 0.660156 0.689063 0.210938 0.093750
6 0.666797 0.772461 0.199219 0.091797
6 0.667969 0.854492 0.195312 0.099609
6 0.668555 0.939844 0.193359 0.101562
6 0.416797 0.875781 0.183594 0.085938
6 0.416992 0.939258 0.177734 0.087891
6 0.411523 0.805078 0.185547 0.097656
6 0.409961 0.727930 0.185547 0.083984
6 0.404883 0.660547 0.181641 0.089844
6 0.401758 0.585352 0.181641 0.080078
6 0.378906 0.277930 0.210938 0.115234
6 0.373633 0.169336 0.212891 0.123047
6 0.362305 0.062500 0.208984 0.125000
6 0.132617 0.277148 0.162109 0.107422
6 0.124805 0.178125 0.162109 0.109375
6 0.115820 0.076758 0.166016 0.119141
6 0.170898 0.672461 0.154297 0.076172
6 0.199609 0.951953 0.152344 0.082031
