6 0.242578 0.933008 0.285156 0.134766
6 0.239746 0.817187 0.260742 0.125000
6 0.247559 0.699219 0.260742 0.117188
6 0.253418 0.577539 0.272461 0.126953
6 0.224707 0.310352 0.227539 0.158203
6 0.235575 0.178686 0.261775 0.176122
6 0.248998 0.437957 0.266745 0.182164
6 0.426660 0.799805 0.106445 0.318359
6 0.539160 0.790430 0.122070 0.333984
6 0.670215 0.780859 0.143555 0.355469
6 0.827051 0.770312 0.188477 0.375000
6 0.441016 0.522070 0.113281 0.244141
6 0.562402 0.500293 0.127930 0.256836
6 0.693164 0.472266 0.142578 0.269531
6 0.851367 0.442969 0.177734 0.289062
6 0.424316 0.279883 0.176758 0.259766
6 0.547949 0.241504 0.186523 0.286133
6 0.705664 0.198633 0.220703 0.306641
