5 0.819922 0.669922 0.183594 0.371094
5 0.686328 0.433203 0.347656 0.128906
5 0.667773 0.254297 0.404297 0.183594
5 0.338281 0.289844 0.257812 0.289062
5 0.176563 0.445312 0.093750 0.312500
5 0.043945 0.437109 0.087891 0.308594
5 0.409570 0.412695 0.306641 0.244141
5 0.160742 0.729297 0.271484 0.324219
5 0.026367 0.671777 0.052734 0.299805
5 0.038086 0.917480 0.076172 0.163086
5 0.218359 0.847656 0.277344 0.304688
5 0.450000 0.660156 0.328125 0.132812
5 0.540039 0.531836 0.330078 0.107422
5 0.565234 0.789453 0.371094 0.160156
5 0.450195 0.936914 0.416016 0.126953
