0 0.703906 0.565625 0.042188 0.109375
0 0.910156 0.557031 0.042188 0.120313
0 0.867188 0.558594 0.040625 0.114062
0 0.832812 0.563281 0.040625 0.107813
0 0.791406 0.557813 0.039062 0.109375
0 0.746875 0.565625 0.050000 0.112500
0 0.617969 0.568750 0.045312 0.115625
0 0.580469 0.563281 0.042188 0.101562
0 0.537500 0.567969 0.043750 0.107813
0 0.492969 0.568750 0.042188 0.109375
0 0.450000 0.574219 0.050000 0.110937
1 0.672330 0.844699 0.135284 0.239398
1 0.547130 0.852648 0.128634 0.236545
1 0.424069 0.856039 0.129388 0.230828
1 0.314453 0.847656 0.128906 0.242188
1 0.049805 0.858203 0.099609 0.253906
1 0.051758 0.370898 0.103516 0.185547
1 0.175586 0.365234 0.123047 0.183594
1 0.326758 0.362109 0.119141 0.183594
1 0.449219 0.357812 0.148438 0.187500
1 0.599219 0.350586 0.148438 0.185547
1 0.748047 0.346289 0.152344 0.189453
1 0.883398 0.341602 0.154297 0.189453
