2 0.893164 0.601855 0.095703 0.241211
2 0.819336 0.605176 0.091797 0.250977
2 0.744922 0.616113 0.089844 0.250977
2 0.667773 0.621387 0.091797 0.249023
2 0.589258 0.612988 0.087891 0.235352
2 0.514453 0.624707 0.082031 0.243164
2 0.437891 0.637402 0.082031 0.237305
2 0.364063 0.638574 0.078125 0.233398
2 0.288086 0.622949 0.076172 0.233398
2 0.214258 0.623926 0.072266 0.235352
2 0.135352 0.624707 0.080078 0.258789
2 0.062891 0.636816 0.082031 0.254883
2 0.931445 0.355176 0.119141 0.282227
2 0.853125 0.342090 0.109375 0.284180
2 0.770508 0.349316 0.103516 0.301758
2 0.691406 0.350195 0.101562 0.306641
2 0.608398 0.359277 0.091797 0.284180
2 0.527734 0.369531 0.089844 0.289062
2 0.449023 0.376074 0.076172 0.295898
2 0.368750 0.389062 0.078125 0.281250
2 0.286914 0.375879 0.080078 0.286133
2 0.206445 0.385059 0.087891 0.307617
2 0.122461 0.358105 0.091797 0.288086
2 0.044922 0.370703 0.089844 0.300781
