4 0.837012 0.336523 0.249023 0.326172
4 0.669629 0.263477 0.286133 0.470703
4 0.791895 0.123047 0.149414 0.246094
4 0.939746 0.256250 0.120117 0.484375
4 0.964355 0.155273 0.069336 0.310547
4 0.565430 0.131836 0.130859 0.263672
4 0.612305 0.378320 0.224609 0.244141
4 0.262988 0.240234 0.344727 0.480469
4 0.405664 0.234375 0.189453 0.468750
4 0.065430 0.243164 0.130859 0.486328
4 0.896191 0.764453 0.208008 0.472656
4 0.788477 0.630859 0.220703 0.261719
4 0.862012 0.878320 0.264648 0.244141
4 0.628027 0.614355 0.252930 0.225586
4 0.580078 0.778711 0.160156 0.326172
4 0.619531 0.872656 0.226562 0.254688
4 0.703516 0.847656 0.160156 0.304688
4 0.366016 0.624609 0.269531 0.246094
4 0.236328 0.793359 0.472656 0.339844
4 0.373926 0.925195 0.250977 0.150391
4 0.121191 0.706641 0.239258 0.300781
4 0.141699 0.559570 0.280273 0.119141
4 0.136816 0.925195 0.270508 0.150391
