4 0.128906 0.109277 0.195312 0.143555
4 0.365820 0.108789 0.212891 0.158203
4 0.623437 0.126367 0.234375 0.193359
4 0.871094 0.088281 0.148438 0.117188
4 0.872461 0.230371 0.138672 0.104492
4 0.872070 0.372168 0.166016 0.116211
4 0.154688 0.334473 0.234375 0.231445
4 0.390918 0.325684 0.147461 0.213867
4 0.623633 0.317676 0.212891 0.141602
4 0.127734 0.570801 0.199219 0.172852
4 0.355859 0.542480 0.214844 0.147461
4 0.621582 0.479980 0.243164 0.131836
4 0.870996 0.532031 0.198242 0.132812
4 0.121680 0.747949 0.177734 0.108398
4 0.358789 0.730371 0.220703 0.166992
4 0.622070 0.666504 0.244141 0.176758
4 0.871094 0.719238 0.179688 0.172852
4 0.116016 0.895020 0.160156 0.118164
4 0.350391 0.901758 0.253906 0.119141
4 0.630859 0.875586 0.261719 0.185547
4 0.871094 0.899707 0.148438 0.118164
