2 0.836034 0.663821 0.231444 0.227642
2 0.724862 0.803436 0.268473 0.134997
2 0.463188 0.805090 0.173252 0.194555
2 0.277086 0.773698 0.269797 0.244270
2 0.094620 0.550860 0.179864 0.379845
2 0.222521 0.279556 0.285667 0.209112
2 0.344561 0.576528 0.189122 0.246806
2 0.338695 0.403508 0.339891 0.272641
2 0.722399 0.189758 0.272923 0.295141
2 0.888311 0.456908 0.189122 0.338816
2 0.695585 0.429923 0.194295 0.334845
2 0.610525 0.661468 0.352300 0.210436
2 0.511690 0.449298 0.198380 0.267347
2 0.463455 0.186964 0.342536 0.239553
