0 0.102930 0.325977 0.115234 0.283203
0 0.033203 0.325977 0.066406 0.283203
0 0.201758 0.321875 0.103516 0.281250
0 0.297656 0.322266 0.101562 0.285156
0 0.391992 0.323242 0.099609 0.287109
0 0.503711 0.249414 0.123047 0.408203
0 0.632227 0.251953 0.126953 0.425781
0 0.767578 0.253906 0.144531 0.429688
0 0.891602 0.329688 0.126953 0.281250
0 0.968164 0.328711 0.064453 0.279297
0 0.098633 0.771484 0.181641 0.371094
0 0.244727 0.774219 0.158203 0.351562
0 0.394531 0.792969 0.164062 0.367188
0 0.555273 0.795508 0.154297 0.369141
0 0.718359 0.797461 0.167969 0.373047
0 0.888086 0.804297 0.185547 0.371094
