1 0.837866 0.540609 0.119481 0.206217
1 0.779588 0.533330 0.081052 0.210411
1 0.673445 0.482177 0.059391 0.123730
1 0.610428 0.481314 0.073981 0.125128
1 0.544711 0.491498 0.070672 0.151745
1 0.436207 0.509787 0.088039 0.194573
1 0.378375 0.502469 0.081750 0.186188
1 0.178836 0.500728 0.132672 0.210831
1 0.081915 0.497208 0.160705 0.206916
1 0.248503 0.488737 0.078256 0.164973
1 0.075781 0.250781 0.107813 0.154688
1 0.166406 0.251563 0.114062 0.162500
1 0.253248 0.252059 0.097122 0.150992
1 0.294495 0.250517 0.073366 0.157284
1 0.344883 0.251237 0.086641 0.164973
1 0.414059 0.252543 0.112494 0.158211
1 0.539304 0.239332 0.166108 0.134914
1 0.681470 0.240669 0.128564 0.118837
1 0.856596 0.262154 0.113192 0.158683
1 0.765710 0.261084 0.084545 0.150294
1 0.945290 0.267027 0.106205 0.162178
1 0.612500 0.042969 0.215625 0.070312
1 0.385937 0.036719 0.212500 0.070312
1 0.181250 0.032813 0.200000 0.053125
1 0.189062 0.081250 0.196875 0.053125
1 0.835156 0.075781 0.198437 0.039062
1 0.834375 0.860938 0.278125 0.265625
1 0.610156 0.814844 0.195312 0.226562
1 0.442188 0.823438 0.193750 0.203125
1 0.209375 0.793750 0.262500 0.181250
