4 0.140430 0.213477 0.255859 0.330078
4 0.367578 0.225000 0.238281 0.328125
4 0.596484 0.229883 0.277344 0.322266
4 0.843750 0.239844 0.250000 0.320312
4 0.706836 0.142480 0.154297 0.225586
4 0.500000 0.113867 0.156250 0.193359
4 0.253320 0.121094 0.166016 0.179688
4 0.066406 0.742285 0.132812 0.262695
4 0.109766 0.645117 0.144531 0.224609
4 0.247461 0.704102 0.169922 0.205078
4 0.239063 0.577441 0.125000 0.145508
4 0.368945 0.658301 0.150391 0.235352
4 0.429688 0.747461 0.140625 0.263672
4 0.119141 0.838477 0.144531 0.220703
4 0.254492 0.879492 0.162109 0.240234
4 0.395508 0.852148 0.150391 0.216797
4 0.753320 0.750781 0.337891 0.460938
