0 0.355371 0.067187 0.104492 0.125000
0 0.378809 0.119922 0.104492 0.089844
0 0.405176 0.159766 0.110352 0.082031
0 0.429297 0.203711 0.121094 0.076172
0 0.447559 0.249414 0.104492 0.064453
0 0.447559 0.250391 0.104492 0.066406
0 0.752832 0.238672 0.461914 0.433594
0 0.762695 0.752539 0.306641 0.439453
0 0.197070 0.761133 0.337891 0.212891
0 0.206836 0.261133 0.357422 0.212891
0 0.460352 0.295898 0.080078 0.044922
0 0.378809 0.617773 0.104492 0.091797
0 0.406250 0.659766 0.109375 0.082031
0 0.429297 0.703711 0.121094 0.076172
0 0.355859 0.567187 0.105469 0.125000
0 0.447559 0.749414 0.104492 0.064453
