6 0.929492 0.819922 0.099609 0.183594
6 0.845313 0.818359 0.093750 0.183594
6 0.765039 0.813086 0.095703 0.185547
6 0.677344 0.811523 0.085938 0.185547
6 0.591406 0.810547 0.085938 0.183594
6 0.501953 0.806445 0.082031 0.181641
6 0.419531 0.803320 0.085938 0.181641
6 0.337500 0.803320 0.093750 0.181641
6 0.241016 0.804688 0.113281 0.187500
6 0.151758 0.803711 0.103516 0.185547
6 0.069727 0.801172 0.111328 0.183594
6 0.971484 0.649805 0.058594 0.162109
6 0.910547 0.646094 0.089844 0.164062
6 0.831445 0.643945 0.087891 0.166016
6 0.750781 0.640430 0.085938 0.162109
6 0.672266 0.636719 0.082031 0.164062
6 0.592578 0.636719 0.082031 0.164062
6 0.507227 0.634180 0.080078 0.162109
6 0.428516 0.632617 0.082031 0.162109
6 0.349219 0.629492 0.085938 0.162109
6 0.265039 0.628906 0.095703 0.164062
6 0.182617 0.627344 0.099609 0.164062
6 0.103320 0.626758 0.103516 0.166016
6 0.036133 0.624805 0.072266 0.162109
6 0.939258 0.409766 0.072266 0.160156
6 0.801172 0.405078 0.074219 0.160156
6 0.730469 0.403906 0.070312 0.164062
6 0.664844 0.400781 0.070312 0.164062
6 0.594531 0.397070 0.070312 0.166016
6 0.524805 0.395508 0.068359 0.166016
6 0.455469 0.394922 0.070312 0.167969
6 0.386719 0.393359 0.070312 0.167969
6 0.316797 0.393359 0.074219 0.167969
6 0.245898 0.390234 0.076172 0.167969
6 0.174414 0.389648 0.080078 0.169922
6 0.100195 0.386328 0.087891 0.175781
6 0.931250 0.254883 0.078125 0.150391
6 0.865234 0.253906 0.074219 0.148438
6 0.796484 0.251758 0.074219 0.150391
6 0.728906 0.248633 0.070312 0.150391
6 0.660742 0.245117 0.068359 0.146484
6 0.594141 0.240820 0.066406 0.150391
6 0.525391 0.239258 0.066406 0.150391
6 0.457617 0.238281 0.068359 0.148438
6 0.393359 0.236719 0.074219 0.148438
6 0.323633 0.235156 0.072266 0.148438
6 0.255273 0.231445 0.076172 0.150391
6 0.186328 0.229883 0.082031 0.150391
6 0.121680 0.233203 0.068359 0.144531
6 0.237500 0.931250 0.100000 0.065625
6 0.050000 0.932031 0.096875 0.064062
6 0.143750 0.934375 0.087500 0.065625
6 0.871094 0.406641 0.070312 0.160156
