0 0.895117 0.213867 0.208984 0.427734
0 0.821289 0.668945 0.173828 0.306641
0 0.920703 0.742969 0.160156 0.304688
0 0.286133 0.776953 0.103516 0.191406
0 0.230273 0.542969 0.138672 0.257812
0 0.284570 0.507227 0.134766 0.251953
0 0.150195 0.491602 0.119141 0.251953
0 0.081445 0.443945 0.119141 0.244141
0 0.193164 0.387500 0.095703 0.093750
0 0.164453 0.162109 0.175781 0.324219
0 0.216797 0.733203 0.074219 0.175781
0 0.158984 0.681055 0.089844 0.177734
5 0.682422 0.293359 0.152344 0.339844
5 0.557227 0.251953 0.126953 0.316406
5 0.452539 0.213867 0.111328 0.302734
5 0.344141 0.181445 0.097656 0.291016
5 0.383594 0.545312 0.085938 0.187500
5 0.453711 0.587695 0.076172 0.197266
5 0.531250 0.634375 0.078125 0.203125
5 0.631445 0.687109 0.103516 0.214844
5 0.410156 0.776758 0.054688 0.150391
5 0.479883 0.830469 0.072266 0.148438
5 0.566211 0.889062 0.076172 0.156250
0 0.709375 0.933594 0.109375 0.132812
0 0.812891 0.971484 0.097656 0.058594
0 0.843750 0.949805 0.093750 0.099609
0 0.743555 0.892188 0.083984 0.125000
0 0.328516 0.747852 0.082031 0.189453
