4 0.258887 0.914648 0.264648 0.169922
4 0.137500 0.661914 0.218750 0.251953
4 0.359766 0.851562 0.191406 0.171875
4 0.342676 0.597656 0.188477 0.195312
4 0.813867 0.953125 0.349609 0.093750
4 0.780371 0.719336 0.416992 0.435547
4 0.830566 0.588867 0.317383 0.177734
4 0.780859 0.758203 0.417969 0.222656
4 0.652734 0.355078 0.214844 0.285156
4 0.612402 0.158594 0.174805 0.242188
4 0.800098 0.150977 0.278320 0.251953
4 0.858398 0.382617 0.248047 0.224609
4 0.445410 0.337305 0.106445 0.318359
4 0.283203 0.264648 0.300781 0.294922
4 0.386328 0.086914 0.222656 0.173828
4 0.135742 0.161133 0.271484 0.322266
4 0.182129 0.373828 0.364258 0.253906
