1 0.073438 0.163281 0.146875 0.239063
1 0.235937 0.160938 0.168750 0.271875
1 0.435156 0.157031 0.192188 0.257812
1 0.590625 0.173437 0.150000 0.178125
1 0.757031 0.164062 0.176563 0.187500
1 0.911719 0.134375 0.176563 0.243750
1 0.463281 0.500781 0.276562 0.298438
1 0.664062 0.516406 0.237500 0.267188
1 0.836719 0.516406 0.220312 0.245312
1 0.966406 0.507031 0.060937 0.260937
1 0.131250 0.503906 0.262500 0.298438
1 0.717187 0.866406 0.250000 0.267188
1 0.475781 0.871875 0.204687 0.256250
1 0.270313 0.882812 0.246875 0.234375
1 0.083594 0.873437 0.164062 0.253125
