2 0.317969 0.737695 0.132812 0.462891
2 0.196289 0.804102 0.111328 0.345703
2 0.088672 0.795703 0.121094 0.378906
2 0.068750 0.227930 0.078125 0.271484
6 0.275977 0.266406 0.111328 0.195312
6 0.165625 0.192773 0.125000 0.341797
6 0.293750 0.166992 0.078125 0.099609
6 0.392969 0.192383 0.117188 0.337891
6 0.534180 0.195117 0.115234 0.333984
6 0.654102 0.200195 0.126953 0.322266
6 0.758594 0.200781 0.117188 0.320312
2 0.866016 0.186523 0.128906 0.341797
2 0.953125 0.185547 0.093750 0.339844
6 0.953125 0.738281 0.093750 0.414062
6 0.850391 0.741797 0.160156 0.417969
6 0.717773 0.747852 0.154297 0.423828
6 0.574219 0.747656 0.132812 0.414062
6 0.448828 0.752930 0.128906 0.427734
