1 0.172266 0.467578 0.128906 0.253906
1 0.282031 0.472656 0.117188 0.242188
1 0.402734 0.458594 0.121094 0.273438
1 0.517969 0.459766 0.117188 0.269531
1 0.631445 0.456836 0.181641 0.279297
1 0.807422 0.471289 0.121094 0.251953
1 0.691797 0.472461 0.121094 0.248047
1 0.189844 0.173828 0.101562 0.269531
1 0.278711 0.175391 0.123047 0.300781
1 0.367578 0.166602 0.113281 0.314453
1 0.462500 0.179297 0.109375 0.292969
1 0.554102 0.190430 0.080078 0.271484
1 0.736719 0.184961 0.117188 0.279297
1 0.645508 0.190430 0.072266 0.255859
1 0.999414 0.436914 0.001953 0.001953
1 0.806641 0.191016 0.003906 0.003906
1 0.804492 0.192773 0.083984 0.263672
1 0.206836 0.841211 0.107422 0.232422
1 0.285938 0.838281 0.078125 0.226562
1 0.338281 0.841211 0.164062 0.232422
1 0.406055 0.841211 0.099609 0.232422
1 0.503320 0.842187 0.103516 0.234375
1 0.594531 0.842187 0.101562 0.234375
1 0.752930 0.854297 0.193359 0.214844
