1 0.917969 0.718750 0.164062 0.193750
1 0.921875 0.914844 0.156250 0.170313
1 0.921875 0.562500 0.156250 0.156250
1 0.904687 0.399219 0.190625 0.204687
1 0.912500 0.198437 0.175000 0.203125
1 0.917969 0.060937 0.164062 0.121875
1 0.680469 0.075781 0.135937 0.148438
1 0.688281 0.193750 0.176563 0.134375
1 0.676562 0.310156 0.237500 0.154688
1 0.702344 0.507031 0.232813 0.173437
1 0.690625 0.659375 0.221875 0.165625
1 0.685156 0.817187 0.248438 0.184375
1 0.467187 0.618750 0.178125 0.203125
1 0.481250 0.460156 0.184375 0.132812
1 0.464844 0.326562 0.201563 0.140625
1 0.482031 0.209375 0.217188 0.115625
1 0.306250 0.146094 0.218750 0.145313
1 0.254688 0.274219 0.187500 0.135937
1 0.267188 0.401562 0.178125 0.112500
1 0.275000 0.492969 0.215625 0.123438
1 0.274219 0.628125 0.220312 0.159375
1 0.277344 0.826562 0.214062 0.159375
1 0.258594 0.942969 0.198437 0.104688
1 0.071875 0.416406 0.109375 0.117188
1 0.057813 0.267969 0.100000 0.132812
1 0.053906 0.126562 0.104688 0.156250
1 0.080469 0.044531 0.142187 0.085938
1 0.072656 0.671875 0.110937 0.175000
1 0.052344 0.547656 0.101562 0.139063
1 0.081250 0.838281 0.068750 0.129688
1 0.711719 0.956250 0.220312 0.087500
