0 0.856250 0.172559 0.078125 0.260742
0 0.792383 0.170508 0.072266 0.259766
0 0.308203 0.169336 0.082031 0.263672
0 0.131836 0.544922 0.123047 0.339844
0 0.531055 0.557520 0.146484 0.368164
0 0.690234 0.559375 0.152344 0.375000
0 0.839844 0.555664 0.148438 0.376953
0 0.730273 0.174902 0.076172 0.268555
0 0.640234 0.168555 0.089844 0.255859
0 0.560937 0.172949 0.078125 0.264648
0 0.479297 0.177832 0.089844 0.274414
0 0.390430 0.170898 0.083984 0.263672
0 0.234180 0.174121 0.068359 0.276367
0 0.157227 0.178711 0.095703 0.263672
0 0.391016 0.544922 0.128906 0.339844
0 0.257812 0.544824 0.140625 0.342773
0 0.043945 0.544922 0.087891 0.339844
1 0.949219 0.575293 0.101562 0.397461
