5 0.089844 0.331348 0.179688 0.403320
5 0.289844 0.313574 0.148438 0.374023
5 0.449805 0.320117 0.146484 0.380859
5 0.628320 0.302734 0.134766 0.371094
5 0.824805 0.189453 0.005859 0.003906
5 0.780664 0.311523 0.126953 0.388672
5 0.934180 0.291797 0.130859 0.371094
5 0.063477 0.808203 0.126953 0.332031
5 0.196875 0.808008 0.125000 0.337891
5 0.315430 0.793359 0.146484 0.324219
5 0.470703 0.798438 0.128906 0.343750
5 0.622461 0.793750 0.138672 0.343750
5 0.763086 0.791016 0.123047 0.300781
5 0.892188 0.785742 0.125000 0.302734
