1 0.847656 0.207813 0.239063 0.359375
1 0.475000 0.229687 0.243750 0.396875
1 0.307812 0.189062 0.140625 0.228125
1 0.094531 0.232031 0.170313 0.145313
5 0.044922 0.726953 0.089844 0.300781
5 0.138281 0.715820 0.085938 0.259766
5 0.247461 0.735156 0.091797 0.273438
5 0.265234 0.702148 0.089844 0.248047
5 0.318164 0.619531 0.080078 0.226562
5 0.372656 0.675781 0.070312 0.320312
5 0.435937 0.698633 0.125000 0.384766
5 0.567773 0.695312 0.138672 0.390625
5 0.697656 0.752539 0.101562 0.298828
5 0.829883 0.699805 0.150391 0.365234
5 0.960938 0.711328 0.078125 0.347656
1 0.664062 0.207422 0.203125 0.371094
