0 0.050781 0.298242 0.101562 0.302734
0 0.143164 0.282031 0.173828 0.335938
0 0.286133 0.277148 0.150391 0.341797
0 0.432617 0.275391 0.146484 0.347656
0 0.588477 0.254688 0.173828 0.390625
0 0.775977 0.247852 0.189453 0.392578
0 0.924609 0.252539 0.152344 0.361328
0 0.058594 0.732812 0.117188 0.281250
0 0.143164 0.734961 0.142578 0.279297
0 0.248633 0.736914 0.134766 0.283203
0 0.358008 0.743945 0.119141 0.291016
0 0.468359 0.745508 0.121094 0.291016
0 0.576953 0.741602 0.097656 0.283203
0 0.671680 0.751563 0.115234 0.281250
0 0.776758 0.751367 0.103516 0.287109
0 0.888086 0.755469 0.138672 0.289062
