5 0.246680 0.409766 0.240234 0.207031
5 0.506836 0.292969 0.216797 0.101562
5 0.378320 0.389648 0.197266 0.123047
5 0.553516 0.351172 0.222656 0.136719
5 0.383594 0.500977 0.257812 0.111328
5 0.299219 0.571094 0.273438 0.117188
5 0.691406 0.561328 0.257812 0.160156
5 0.631445 0.687109 0.166016 0.246094
5 0.750586 0.489648 0.263672 0.123047
5 0.921875 0.682031 0.156250 0.320312
5 0.783008 0.756445 0.228516 0.259766
5 0.458594 0.786523 0.226562 0.294922
5 0.324609 0.750000 0.183594 0.328125
5 0.505762 0.669336 0.124023 0.232422
5 0.628906 0.899023 0.304688 0.201172
5 0.583789 0.432617 0.236328 0.115234
