2 0.864062 0.253711 0.125000 0.326172
2 0.735742 0.279687 0.115234 0.281250
2 0.615820 0.322070 0.119141 0.369141
2 0.515039 0.288477 0.080078 0.267578
2 0.409570 0.316406 0.119141 0.382812
2 0.303125 0.316992 0.109375 0.380859
2 0.848047 0.774414 0.121094 0.361328
2 0.731055 0.774414 0.115234 0.361328
2 0.608203 0.775000 0.113281 0.359375
2 0.262305 0.776172 0.115234 0.355469
2 0.158008 0.781250 0.119141 0.343750
2 0.049805 0.780859 0.099609 0.339844
2 0.076758 0.321289 0.134766 0.376953
2 0.186914 0.319141 0.126953 0.378906
2 0.369922 0.774023 0.105469 0.357422
