2 0.322266 0.116602 0.394531 0.158203
2 0.277148 0.230273 0.341797 0.123047
2 0.255469 0.346680 0.335938 0.115234
2 0.260547 0.459961 0.355469 0.123047
2 0.253516 0.586523 0.363281 0.154297
2 0.281836 0.719141 0.357422 0.238281
2 0.333398 0.846484 0.326172 0.308594
2 0.531836 0.613086 0.169922 0.341797
2 0.574805 0.483398 0.240234 0.310547
2 0.590820 0.342187 0.259766 0.296875
2 0.662109 0.268164 0.277344 0.314453
2 0.754687 0.207031 0.234375 0.273438
2 0.790820 0.467383 0.244141 0.244141
2 0.871680 0.605078 0.193359 0.378906
2 0.684570 0.734180 0.259766 0.333984
