1 0.125977 0.153711 0.173828 0.185547
1 0.287500 0.164844 0.171875 0.179688
1 0.453516 0.151758 0.175781 0.212891
1 0.604492 0.158203 0.162109 0.207031
1 0.756445 0.159180 0.166016 0.208984
1 0.904297 0.163867 0.167969 0.208984
1 0.534961 0.395117 0.169922 0.193359
1 0.374609 0.395508 0.183594 0.197266
1 0.166016 0.389648 0.175781 0.201172
1 0.041016 0.384570 0.082031 0.197266
1 0.391602 0.640234 0.189453 0.199219
1 0.555273 0.644531 0.169922 0.195312
1 0.074023 0.905078 0.138672 0.191406
1 0.211328 0.906250 0.144531 0.187500
1 0.346094 0.900391 0.132812 0.175781
1 0.480859 0.906250 0.136719 0.187500
1 0.609180 0.910156 0.130859 0.179688
1 0.744531 0.910156 0.148438 0.179688
1 0.855859 0.893555 0.121094 0.177734
