5 0.550391 0.358984 0.207031 0.074219
5 0.543359 0.288086 0.199219 0.076172
5 0.333789 0.427344 0.189453 0.117188
5 0.336328 0.338281 0.222656 0.070312
5 0.198047 0.433594 0.246094 0.195312
5 0.391602 0.476367 0.205078 0.208984
5 0.627734 0.401172 0.199219 0.089844
5 0.574023 0.514648 0.154297 0.232422
5 0.686914 0.505859 0.126953 0.214844
5 0.845313 0.523047 0.250000 0.230469
5 0.806250 0.395313 0.187500 0.078125
5 0.847070 0.708789 0.306641 0.267578
5 0.632422 0.725195 0.355469 0.181641
5 0.311523 0.681055 0.341797 0.240234
5 0.150391 0.603906 0.300781 0.132812
