2 0.150391 0.491406 0.300781 0.445312
2 0.367578 0.515625 0.128906 0.468750
2 0.106445 0.648730 0.212891 0.241211
2 0.088867 0.776465 0.177734 0.112305
2 0.764453 0.357227 0.425781 0.345703
2 0.152344 0.311230 0.304688 0.288086
2 0.393848 0.254590 0.153320 0.174805
2 0.944141 0.344434 0.113281 0.354492
2 0.686426 0.464160 0.454102 0.372070
2 0.636523 0.512695 0.451172 0.353516
2 0.948633 0.694336 0.103516 0.279297
2 0.269629 0.276074 0.192383 0.217773
2 0.685547 0.691602 0.449219 0.220703
2 0.435352 0.765820 0.408203 0.134766
2 0.781250 0.256055 0.265625 0.177734
