6 0.255664 0.948633 0.314453 0.103516
6 0.251953 0.836719 0.316406 0.148438
6 0.250391 0.694336 0.316406 0.154297
6 0.247070 0.546289 0.322266 0.142578
6 0.245117 0.405273 0.318359 0.138672
6 0.244141 0.266211 0.316406 0.138672
6 0.242188 0.118555 0.312500 0.162109
6 0.802344 0.889453 0.273438 0.160156
6 0.800195 0.750391 0.275391 0.144531
6 0.799219 0.618164 0.273438 0.142578
6 0.793359 0.484766 0.277344 0.128906
6 0.791797 0.357422 0.277344 0.136719
6 0.791992 0.220312 0.271484 0.140625
6 0.786719 0.091797 0.273438 0.152344
