0 0.949805 0.714258 0.099609 0.322266
0 0.059570 0.704492 0.119141 0.318359
0 0.815430 0.718359 0.146484 0.324219
0 0.686133 0.716797 0.134766 0.339844
0 0.559375 0.721289 0.125000 0.345703
0 0.432031 0.725391 0.117188 0.347656
0 0.310937 0.723242 0.125000 0.365234
0 0.181641 0.727344 0.128906 0.367188
0 0.961523 0.214258 0.076172 0.259766
0 0.877734 0.209570 0.136719 0.259766
0 0.759375 0.207813 0.125000 0.265625
0 0.636523 0.205664 0.123047 0.267578
0 0.513086 0.205078 0.123047 0.269531
0 0.326172 0.213281 0.121094 0.273438
0 0.121875 0.207617 0.140625 0.271484
