5 0.033203 0.364258 0.066406 0.322266
5 0.109180 0.386328 0.115234 0.253906
5 0.232031 0.389648 0.148438 0.263672
5 0.377539 0.382422 0.142578 0.261719
5 0.512695 0.348242 0.150391 0.318359
5 0.649023 0.378906 0.138672 0.257812
5 0.788086 0.373633 0.138672 0.259766
5 0.922461 0.342383 0.154297 0.322266
5 0.136523 0.784180 0.123047 0.193359
5 0.237305 0.806250 0.130859 0.250000
5 0.374805 0.808594 0.083984 0.273438
5 0.481445 0.749414 0.103516 0.189453
5 0.591797 0.777148 0.121094 0.185547
5 0.756445 0.776953 0.119141 0.175781
5 0.841211 0.751758 0.123047 0.228516
5 0.712305 0.751953 0.115234 0.191406
