1 0.050781 0.190430 0.101562 0.208984
1 0.153711 0.187500 0.154297 0.203125
1 0.303711 0.187109 0.154297 0.214844
1 0.457813 0.186328 0.156250 0.222656
1 0.596680 0.190234 0.146484 0.214844
1 0.746875 0.189844 0.156250 0.210938
1 0.882617 0.193750 0.162109 0.203125
1 0.058594 0.460352 0.117188 0.173828
1 0.171680 0.461719 0.162109 0.179688
1 0.299414 0.463672 0.142578 0.183594
1 0.427539 0.463867 0.126953 0.177734
1 0.613086 0.461328 0.138672 0.175781
1 0.734961 0.463672 0.138672 0.167969
1 0.859375 0.462695 0.140625 0.166016
1 0.956445 0.457813 0.087891 0.171875
1 0.421289 0.693164 0.111328 0.142578
1 0.590430 0.686133 0.130859 0.150391
1 0.711523 0.686133 0.123047 0.150391
1 0.833008 0.687109 0.134766 0.152344
1 0.938281 0.689063 0.117188 0.140625
1 0.120703 0.881836 0.113281 0.123047
1 0.227148 0.878320 0.107422 0.119141
1 0.332813 0.878711 0.109375 0.123047
1 0.441797 0.881641 0.121094 0.128906
1 0.738672 0.876758 0.105469 0.119141
1 0.834766 0.873047 0.097656 0.121094
1 0.927539 0.872070 0.111328 0.119141
1 0.300195 0.683008 0.134766 0.150391
1 0.184375 0.690820 0.125000 0.150391
1 0.066406 0.688086 0.132812 0.154297
