6 0.082422 0.941406 0.121094 0.023438
6 0.082422 0.918945 0.121094 0.025391
6 0.081641 0.902148 0.128906 0.029297
6 0.085547 0.859961 0.136719 0.060547
6 0.089648 0.814063 0.138672 0.031250
6 0.088477 0.787500 0.142578 0.031250
6 0.090234 0.752734 0.152344 0.042969
6 0.091602 0.712500 0.158203 0.046875
6 0.086914 0.670508 0.173828 0.056641
6 0.088867 0.620898 0.177734 0.060547
6 0.061523 0.566797 0.123047 0.058594
6 0.098633 0.481445 0.197266 0.119141
6 0.105469 0.350977 0.210938 0.111328
6 0.110352 0.256641 0.220703 0.128906
6 0.127930 0.122656 0.255859 0.195312
6 0.578125 0.244922 0.250000 0.183594
6 0.545898 0.167773 0.201172 0.138672
6 0.528711 0.353906 0.216797 0.132812
6 0.455664 0.421484 0.142578 0.121094
6 0.453906 0.498047 0.179688 0.074219
6 0.421680 0.558203 0.130859 0.066406
6 0.423633 0.605469 0.166016 0.070312
6 0.410547 0.649414 0.167969 0.064453
6 0.394141 0.696680 0.160156 0.052734
6 0.380273 0.735352 0.154297 0.048828
6 0.364844 0.770508 0.148438 0.041016
6 0.312109 0.902148 0.121094 0.029297
6 0.321289 0.881836 0.126953 0.029297
6 0.330469 0.855078 0.132812 0.035156
6 0.340820 0.833984 0.134766 0.027344
6 0.351367 0.804688 0.146484 0.046875
6 0.272852 0.933398 0.095703 0.060547
6 0.478125 0.931250 0.078125 0.046875
6 0.527930 0.890625 0.130859 0.062500
6 0.546484 0.863672 0.136719 0.058594
6 0.567773 0.835938 0.138672 0.062500
6 0.585352 0.811133 0.142578 0.056641
6 0.604297 0.788086 0.152344 0.060547
6 0.625391 0.754492 0.160156 0.068359
6 0.648047 0.721094 0.167969 0.070312
6 0.675586 0.693164 0.169922 0.064453
6 0.697852 0.648828 0.173828 0.082031
6 0.733789 0.621875 0.189453 0.078125
6 0.767188 0.563867 0.203125 0.083984
6 0.802734 0.507422 0.214844 0.105469
6 0.839453 0.449609 0.222656 0.121094
6 0.886133 0.401172 0.228516 0.121094
6 0.906836 0.312109 0.185547 0.152344
6 0.897266 0.247070 0.207031 0.119141
6 0.786523 0.337500 0.060547 0.109375
6 0.765234 0.292969 0.058594 0.101562
6 0.674609 0.513477 0.042969 0.080078
6 0.703125 0.452148 0.046875 0.091797
6 0.739844 0.394531 0.054688 0.101562
6 0.649805 0.577539 0.037109 0.080078
6 0.571875 0.673242 0.031250 0.068359
6 0.618164 0.597656 0.033203 0.070312
6 0.598437 0.648828 0.031250 0.066406
6 0.685156 0.946289 0.101562 0.064453
6 0.683984 0.917969 0.058594 0.054688
6 0.711914 0.900195 0.064453 0.056641
6 0.759180 0.880273 0.115234 0.060547
6 0.800195 0.860156 0.103516 0.054688
6 0.826562 0.826172 0.109375 0.058594
6 0.849609 0.801758 0.105469 0.056641
6 0.876367 0.783984 0.099609 0.058594
6 0.897461 0.754883 0.091797 0.072266
6 0.941406 0.718555 0.117188 0.068359
6 0.975977 0.606055 0.048828 0.083984
6 0.945117 0.644531 0.083984 0.070312
1 0.709766 0.108398 0.191406 0.216797
1 0.643359 0.055664 0.136719 0.111328
