5 0.411523 0.090820 0.248047 0.181641
5 0.205469 0.228125 0.148438 0.218750
5 0.643555 0.096680 0.240234 0.193359
5 0.544531 0.208008 0.210938 0.244141
5 0.813867 0.214258 0.302734 0.212891
5 0.459766 0.250000 0.207031 0.250000
5 0.400195 0.340625 0.181641 0.296875
5 0.329688 0.545898 0.203125 0.294922
5 0.187891 0.492773 0.113281 0.310547
5 0.477930 0.651172 0.115234 0.324219
5 0.776172 0.374805 0.339844 0.115234
5 0.667969 0.484961 0.289062 0.123047
5 0.764062 0.613086 0.296875 0.169922
5 0.751953 0.720508 0.363281 0.134766
5 0.738867 0.854102 0.333984 0.142578
5 0.320117 0.894336 0.365234 0.154297
5 0.267578 0.741797 0.316406 0.152344
