4 0.905273 0.763281 0.138672 0.226562
4 0.846484 0.684961 0.105469 0.185547
4 0.746484 0.650977 0.121094 0.205078
4 0.641602 0.675195 0.111328 0.181641
4 0.595703 0.764453 0.144531 0.222656
4 0.751563 0.799414 0.125000 0.173828
4 0.853125 0.849414 0.109375 0.189453
4 0.758398 0.908496 0.091797 0.120117
4 0.662500 0.838672 0.109375 0.199219
4 0.346680 0.730469 0.193359 0.242188
4 0.362305 0.864551 0.130859 0.204102
4 0.258594 0.659766 0.226562 0.300781
4 0.135547 0.732227 0.183594 0.267578
4 0.226562 0.893945 0.187500 0.197266
4 0.881641 0.240039 0.191406 0.314453
4 0.729297 0.319922 0.136719 0.277344
4 0.629687 0.234766 0.250000 0.316406
4 0.296875 0.254883 0.312500 0.447266
