1 0.858789 0.426172 0.283203 0.074219
1 0.871094 0.372070 0.257812 0.056641
1 0.863867 0.321680 0.271484 0.052734
1 0.859375 0.276172 0.281250 0.042969
1 0.570312 0.406641 0.312500 0.082031
1 0.573047 0.327148 0.277344 0.076172
1 0.575355 0.242605 0.250709 0.035211
1 0.272751 0.292784 0.139252 0.198067
1 0.364942 0.306696 0.108009 0.207142
1 0.095043 0.313622 0.190086 0.186619
1 0.775417 0.715542 0.232084 0.081084
1 0.917538 0.658041 0.166325 0.206706
1 0.360240 0.596366 0.226730 0.173981
1 0.352160 0.695455 0.241820 0.097161
1 0.125195 0.679873 0.228514 0.103495
1 0.574302 0.700386 0.226730 0.085147
1 0.162500 0.893750 0.184375 0.200000
