5 0.135742 0.855273 0.271484 0.216797
5 0.152344 0.704102 0.226562 0.126953
5 0.181445 0.611133 0.228516 0.166016
5 0.083984 0.540430 0.167969 0.224609
5 0.322656 0.854883 0.226562 0.212891
5 0.330078 0.689844 0.175781 0.226562
5 0.350977 0.593555 0.205078 0.130859
5 0.496094 0.824805 0.164062 0.271484
5 0.490039 0.714258 0.220703 0.212891
5 0.498047 0.556641 0.183594 0.160156
5 0.808203 0.636719 0.222656 0.304688
5 0.826953 0.692773 0.207031 0.216797
5 0.866016 0.858008 0.269531 0.197266
5 0.790039 0.543750 0.205078 0.296875
5 0.623828 0.417383 0.160156 0.322266
