5 0.300586 0.229492 0.154297 0.240234
5 0.443750 0.192188 0.218750 0.109375
5 0.646875 0.237305 0.234375 0.146484
5 0.238281 0.401465 0.148438 0.221680
5 0.375781 0.418750 0.101562 0.218750
5 0.465625 0.410742 0.093750 0.224609
5 0.777734 0.316211 0.246094 0.154297
5 0.592383 0.459570 0.166016 0.228516
5 0.203711 0.614258 0.201172 0.197266
5 0.370508 0.602148 0.212891 0.154297
5 0.626953 0.569922 0.207031 0.214844
5 0.438477 0.685352 0.220703 0.126953
5 0.769531 0.534570 0.195312 0.228516
5 0.662891 0.728320 0.238281 0.134766
5 0.440430 0.825000 0.224609 0.109375
