0 0.837353 0.183364 0.324706 0.366728
0 0.124542 0.442016 0.249084 0.152781
0 0.116916 0.119482 0.233831 0.185839
2 0.059706 0.304075 0.116288 0.170650
2 0.051245 0.165863 0.102491 0.122352
2 0.267830 0.062748 0.423161 0.125495
2 0.207921 0.266897 0.256467 0.196294
2 0.338315 0.655560 0.273505 0.451745
2 0.386359 0.485732 0.297717 0.355839
2 0.411087 0.290868 0.378423 0.241111
2 0.636098 0.147539 0.159695 0.295078
2 0.556430 0.531403 0.137861 0.397181
0 0.889032 0.659963 0.221814 0.207425
0 0.692457 0.434215 0.172414 0.171555
0 0.826799 0.469698 0.219223 0.239397
0 0.931550 0.437672 0.128725 0.234719
0 0.832655 0.782681 0.224684 0.140363
2 0.591299 0.798863 0.288848 0.157102
2 0.713992 0.885622 0.081109 0.211869
2 0.896489 0.849695 0.205478 0.183764
2 0.077485 0.785323 0.154970 0.080020
0 0.232152 0.737344 0.161178 0.296563
0 0.055118 0.708680 0.110236 0.148609
0 0.432133 0.882707 0.326766 0.234164
0 0.871120 0.953754 0.251616 0.091883
