1 0.079080 0.929283 0.136284 0.099191
1 0.066992 0.852148 0.115234 0.076172
1 0.069727 0.792383 0.111328 0.072266
1 0.081641 0.717383 0.082031 0.072266
1 0.076758 0.636328 0.087891 0.097656
1 0.087305 0.584570 0.068359 0.056641
1 0.070703 0.478320 0.097656 0.087891
1 0.072656 0.289453 0.101562 0.082031
1 0.058594 0.212695 0.117188 0.087891
1 0.058594 0.138477 0.117188 0.064453
1 0.295703 0.936133 0.097656 0.087891
1 0.689063 0.637695 0.156250 0.103516
1 0.513672 0.633789 0.105469 0.095703
1 0.511719 0.498633 0.101562 0.103516
1 0.513477 0.407031 0.095703 0.085938
1 0.065234 0.070898 0.105469 0.076172
1 0.303125 0.845703 0.078125 0.082031
1 0.261523 0.476367 0.154297 0.115234
1 0.260156 0.347461 0.148438 0.123047
1 0.515625 0.786133 0.109375 0.087891
1 0.509180 0.925195 0.130859 0.119141
1 0.497852 0.308008 0.126953 0.103516
1 0.496875 0.213477 0.125000 0.095703
1 0.492578 0.130859 0.128906 0.089844
1 0.684961 0.439453 0.154297 0.113281
1 0.682422 0.337500 0.152344 0.093750
1 0.876758 0.057422 0.150391 0.105469
1 0.859766 0.130664 0.113281 0.048828
1 0.687500 0.552539 0.156250 0.080078
1 0.716602 0.936914 0.095703 0.126953
1 0.885156 0.949805 0.117188 0.099609
1 0.893359 0.850977 0.136719 0.126953
1 0.904883 0.738867 0.134766 0.115234
1 0.906836 0.638281 0.123047 0.101562
1 0.891211 0.551758 0.154297 0.103516
1 0.886523 0.382422 0.154297 0.105469
1 0.889648 0.468750 0.154297 0.078125
1 0.858984 0.284570 0.105469 0.087891
1 0.854492 0.209375 0.099609 0.078125
1 0.070703 0.382812 0.097656 0.093750
1 0.082812 0.540039 0.078125 0.064453
