0 0.855273 0.634570 0.232422 0.525391
0 0.620272 0.644669 0.215544 0.517462
0 0.374371 0.651404 0.223742 0.524683
0 0.126521 0.642419 0.253042 0.522338
0 0.085938 0.285156 0.112500 0.182812
0 0.315625 0.289844 0.087500 0.185938
0 0.398438 0.285938 0.075000 0.187500
0 0.481250 0.281250 0.090625 0.184375
0 0.560937 0.282031 0.071875 0.179688
0 0.639062 0.273438 0.071875 0.175000
0 0.717969 0.276562 0.079687 0.178125
0 0.796094 0.274219 0.082812 0.179688
0 0.873437 0.268750 0.081250 0.171875
0 0.954688 0.271094 0.087500 0.170313
