1 0.082812 0.841211 0.109375 0.169922
1 0.919922 0.795898 0.105469 0.091797
1 0.821680 0.799805 0.083984 0.099609
1 0.750781 0.783203 0.085938 0.066406
1 0.657031 0.825781 0.132812 0.148438
1 0.529102 0.830664 0.126953 0.158203
1 0.409961 0.833594 0.123047 0.164062
1 0.287891 0.837695 0.128906 0.166016
1 0.179492 0.841211 0.099609 0.169922
1 0.905859 0.582031 0.105469 0.117188
1 0.780078 0.595313 0.128906 0.140625
1 0.668945 0.602344 0.134766 0.148438
1 0.547266 0.607227 0.113281 0.158203
1 0.427734 0.601953 0.136719 0.144531
1 0.297266 0.604492 0.128906 0.146484
1 0.184375 0.611914 0.125000 0.142578
1 0.063477 0.605273 0.126953 0.138672
1 0.775000 0.353906 0.125000 0.117188
1 0.655859 0.374805 0.121094 0.162109
1 0.552344 0.370703 0.117188 0.144531
1 0.459766 0.365625 0.128906 0.125000
1 0.339648 0.376563 0.123047 0.156250
1 0.918359 0.127344 0.105469 0.132812
1 0.807227 0.129883 0.111328 0.134766
1 0.689063 0.156250 0.140625 0.171875
1 0.552344 0.132422 0.132812 0.121094
1 0.430273 0.142383 0.107422 0.134766
1 0.332031 0.153125 0.101562 0.140625
1 0.116992 0.145117 0.115234 0.130859
1 0.225391 0.145508 0.113281 0.134766
1 0.949219 0.357422 0.101562 0.121094
1 0.870898 0.347461 0.107422 0.107422
