6 0.067383 0.242578 0.134766 0.285156
6 0.184375 0.239746 0.125000 0.260742
6 0.300781 0.247559 0.117188 0.260742
6 0.422852 0.253418 0.126953 0.272461
6 0.690039 0.224707 0.158203 0.227539
6 0.820873 0.235575 0.176122 0.261775
6 0.561395 0.248998 0.182164 0.266745
6 0.199805 0.426660 0.318359 0.106445
6 0.210742 0.539160 0.333984 0.122070
6 0.218359 0.670215 0.355469 0.143555
6 0.231250 0.827051 0.375000 0.188477
6 0.478320 0.441016 0.244141 0.113281
6 0.500293 0.562402 0.256836 0.127930
6 0.526953 0.693164 0.269531 0.142578
6 0.557031 0.851367 0.289062 0.177734
6 0.720508 0.424316 0.259766 0.176758
6 0.758691 0.547949 0.286133 0.186523
6 0.801758 0.705664 0.306641 0.220703
