2 0.500010 0.196745 0.759395 0.180989
2 0.204734 0.457715 0.409469 0.159180
2 0.347242 0.701465 0.694484 0.190430
2 0.857059 0.957194 0.285994 0.086262
2 0.830533 0.323014 0.339191 0.174153
2 0.173011 0.916895 0.346022 0.149414
2 0.561020 0.919629 0.462664 0.161133
2 0.807327 0.851400 0.386530 0.155925
2 0.842843 0.697266 0.313811 0.160156
2 0.742648 0.057455 0.513422 0.114909
2 0.291118 0.324381 0.582236 0.148762
2 0.266716 0.587338 0.533431 0.124675
2 0.704885 0.458008 0.591020 0.259766
2 0.222548 0.073242 0.445095 0.146484
