5 0.352539 0.949023 0.251953 0.076172
5 0.344727 0.771484 0.283203 0.089844
5 0.345313 0.635156 0.281250 0.101562
5 0.387695 0.517188 0.275391 0.125000
5 0.343359 0.273438 0.277344 0.093750
5 0.401367 0.372070 0.240234 0.134766
5 0.789648 0.937305 0.248047 0.115234
5 0.787500 0.805273 0.250000 0.107422
5 0.756836 0.727539 0.232422 0.095703
5 0.783203 0.611328 0.253906 0.113281
5 0.770117 0.486719 0.271484 0.117188
5 0.784180 0.252539 0.240234 0.126953
5 0.782227 0.104492 0.236328 0.130859
5 0.769531 0.362500 0.260937 0.112500
