2 0.108203 0.258398 0.144531 0.373047
2 0.227148 0.260352 0.123047 0.376953
2 0.343555 0.269922 0.115234 0.371094
2 0.462305 0.271484 0.115234 0.371094
2 0.578125 0.278320 0.125000 0.369141
2 0.160938 0.693164 0.140625 0.361328
2 0.279102 0.695703 0.126953 0.363281
2 0.644531 0.665820 0.132812 0.275391
2 0.933008 0.271484 0.134766 0.402344
2 0.701172 0.283594 0.136719 0.367188
2 0.825781 0.276758 0.148438 0.384766
2 0.403125 0.700000 0.125000 0.359375
2 0.525000 0.705078 0.125000 0.363281
2 0.767969 0.711914 0.148438 0.361328
