6 0.214844 0.147266 0.085938 0.191406
6 0.305078 0.138281 0.097656 0.210938
6 0.400000 0.141406 0.093750 0.210938
6 0.493750 0.142969 0.093750 0.210938
6 0.597266 0.144141 0.097656 0.207031
6 0.690430 0.145117 0.099609 0.208984
6 0.781055 0.145117 0.099609 0.208984
6 0.877539 0.146094 0.111328 0.210938
6 0.960938 0.149219 0.078125 0.210938
6 0.040039 0.477344 0.080078 0.195312
6 0.116992 0.477148 0.083984 0.201172
6 0.195703 0.479297 0.082031 0.199219
6 0.282227 0.473242 0.095703 0.208984
6 0.377539 0.476367 0.095703 0.208984
6 0.471289 0.474219 0.095703 0.210938
6 0.564453 0.477344 0.097656 0.210938
6 0.652344 0.501758 0.085938 0.166016
6 0.738672 0.502344 0.089844 0.164062
6 0.825000 0.503320 0.093750 0.166016
6 0.907031 0.502734 0.085938 0.167969
6 0.972656 0.503320 0.054688 0.166016
6 0.060937 0.779687 0.093750 0.203125
6 0.191211 0.800391 0.091797 0.191406
6 0.272070 0.800391 0.087891 0.191406
6 0.354492 0.803516 0.083984 0.191406
6 0.436328 0.803516 0.082031 0.191406
6 0.517578 0.801367 0.082031 0.193359
6 0.596680 0.801367 0.083984 0.193359
6 0.675781 0.801367 0.085938 0.193359
6 0.754883 0.804492 0.087891 0.193359
6 0.842773 0.681055 0.107422 0.083984
6 0.934180 0.682031 0.083984 0.085938
6 0.840430 0.814063 0.099609 0.187500
6 0.926562 0.817773 0.093750 0.185547
