5 0.770117 0.300586 0.240234 0.154297
5 0.809375 0.443750 0.109375 0.218750
5 0.762305 0.646875 0.146484 0.234375
5 0.598340 0.238281 0.221680 0.148438
5 0.582812 0.375781 0.218750 0.101562
5 0.588867 0.465625 0.224609 0.093750
5 0.684961 0.777734 0.154297 0.246094
5 0.540820 0.592383 0.228516 0.166016
5 0.386133 0.203711 0.197266 0.201172
5 0.397461 0.370508 0.154297 0.212891
5 0.429297 0.626953 0.214844 0.207031
5 0.315039 0.438477 0.126953 0.220703
5 0.465820 0.769531 0.228516 0.195312
5 0.272070 0.662891 0.134766 0.238281
5 0.176563 0.440430 0.109375 0.224609
