5 0.892578 0.693359 0.128906 0.277344
5 0.692383 0.656641 0.291016 0.191406
5 0.682031 0.794531 0.289062 0.148438
5 0.431055 0.797852 0.240234 0.111328
5 0.122852 0.703125 0.126953 0.250000
5 0.296875 0.706055 0.234375 0.130859
5 0.315430 0.544336 0.240234 0.185547
5 0.506445 0.623828 0.150391 0.238281
5 0.109180 0.450977 0.193359 0.251953
5 0.274023 0.419336 0.263672 0.169922
5 0.506836 0.408594 0.294922 0.101562
5 0.775781 0.420898 0.273438 0.154297
5 0.720703 0.225391 0.316406 0.191406
5 0.640234 0.282227 0.277344 0.173828
5 0.423438 0.291406 0.265625 0.164062
5 0.180273 0.226367 0.279297 0.099609
5 0.783008 0.545898 0.275391 0.091797
