6 0.727539 0.091406 0.345703 0.132812
6 0.723926 0.224219 0.360352 0.132812
6 0.720605 0.380664 0.381836 0.189453
6 0.761328 0.587891 0.347656 0.128906
6 0.758105 0.714844 0.366211 0.148438
6 0.756934 0.878516 0.385742 0.191406
6 0.371484 0.046289 0.152344 0.080078
6 0.372070 0.125977 0.150391 0.080078
6 0.371484 0.205664 0.152344 0.080078
6 0.377246 0.296289 0.151367 0.080078
6 0.378320 0.375000 0.150391 0.078125
6 0.378320 0.454102 0.150391 0.080078
6 0.127734 0.042578 0.152344 0.082031
6 0.127734 0.124414 0.152344 0.080078
6 0.127734 0.204102 0.152344 0.080078
6 0.125000 0.294922 0.156250 0.074219
6 0.124023 0.372852 0.154297 0.080078
6 0.123438 0.452539 0.156250 0.080078
6 0.246973 0.613086 0.340820 0.201172
6 0.217480 0.708008 0.350586 0.197266
6 0.254883 0.864062 0.244141 0.218750
