2 0.172656 0.254688 0.117188 0.468750
2 0.502734 0.252344 0.121094 0.476562
2 0.762305 0.264258 0.146484 0.447266
2 0.842187 0.191992 0.093750 0.349609
2 0.924414 0.256250 0.142578 0.468750
2 0.092773 0.754297 0.123047 0.480469
2 0.241211 0.753809 0.123047 0.479492
2 0.437891 0.737891 0.128906 0.441406
2 0.570117 0.741504 0.146484 0.442383
2 0.378906 0.688281 0.070312 0.351562
2 0.510742 0.577051 0.068359 0.125977
2 0.752344 0.751563 0.148438 0.453125
2 0.901758 0.754980 0.134766 0.475586
2 0.839844 0.693457 0.070312 0.336914
