4 0.518164 0.505176 0.642578 0.579102
4 0.388086 0.279980 0.326172 0.225586
4 0.180664 0.574316 0.361328 0.442383
4 0.404297 0.638672 0.371094 0.386719
4 0.608984 0.729102 0.292969 0.205078
4 0.902930 0.539355 0.193359 0.303711
4 0.834766 0.319141 0.332031 0.191406
4 0.777930 0.209277 0.443359 0.081055
4 0.099609 0.753027 0.199219 0.159180
4 0.121094 0.277539 0.242188 0.220703
4 0.544922 0.522754 0.371094 0.254883
4 0.697363 0.782031 0.141602 0.101562
4 0.641406 0.238574 0.257812 0.139648
4 0.359375 0.190625 0.187500 0.046875
4 0.890039 0.746875 0.220703 0.171875
