5 0.828125 0.763477 0.140625 0.251953
5 0.649023 0.248828 0.248047 0.113281
5 0.821875 0.536523 0.187500 0.248047
5 0.609961 0.512695 0.232422 0.103516
5 0.520117 0.421680 0.240234 0.115234
5 0.506445 0.608789 0.275391 0.111328
5 0.585352 0.706055 0.236328 0.130859
5 0.533594 0.767969 0.226562 0.164062
5 0.701562 0.893945 0.265625 0.103516
5 0.473047 0.884570 0.214844 0.119141
5 0.613086 0.971484 0.091797 0.058594
5 0.319336 0.318750 0.248047 0.109375
5 0.335938 0.541406 0.109375 0.257812
5 0.168359 0.375000 0.214844 0.218750
5 0.176367 0.529687 0.208984 0.203125
5 0.166602 0.657617 0.236328 0.099609
5 0.347070 0.759570 0.244141 0.134766
5 0.266992 0.886133 0.130859 0.228516
5 0.397070 0.944727 0.228516 0.111328
5 0.120703 0.859961 0.191406 0.138672
