6 0.693945 0.079102 0.212891 0.111328
6 0.703906 0.160742 0.210938 0.083984
6 0.695898 0.239258 0.201172 0.072266
6 0.692773 0.310156 0.201172 0.070312
6 0.694629 0.379688 0.208008 0.078125
6 0.690234 0.449023 0.199219 0.091797
6 0.247363 0.265625 0.422852 0.187500
6 0.184570 0.693164 0.275391 0.205078
6 0.172852 0.603516 0.283203 0.207031
6 0.199512 0.795312 0.280273 0.203125
6 0.214941 0.913477 0.301758 0.173828
6 0.743164 0.592578 0.298828 0.160156
6 0.742578 0.752539 0.300781 0.158203
6 0.742090 0.912891 0.299805 0.160156
