5 0.125977 0.715234 0.251953 0.183594
5 0.415820 0.874805 0.259766 0.193359
5 0.828516 0.783203 0.253906 0.253906
5 0.626953 0.807422 0.253906 0.246094
5 0.916797 0.591895 0.167969 0.165039
5 0.672461 0.565234 0.185547 0.230469
5 0.590625 0.577539 0.156250 0.236328
5 0.424414 0.449219 0.205078 0.257812
5 0.460742 0.641016 0.208984 0.222656
5 0.260742 0.499805 0.240234 0.177734
5 0.319727 0.666992 0.173828 0.255859
5 0.665820 0.448633 0.228516 0.228516
5 0.793750 0.436133 0.218750 0.166016
5 0.783008 0.317383 0.228516 0.150391
5 0.922461 0.273438 0.154297 0.156250
5 0.691406 0.166992 0.210938 0.177734
5 0.562305 0.295508 0.208984 0.181641
5 0.536523 0.115234 0.123047 0.199219
5 0.442383 0.214844 0.119141 0.195312
5 0.353125 0.282813 0.218750 0.171875
5 0.146484 0.391211 0.183594 0.201172
