2 0.137500 0.747461 0.125000 0.326172
2 0.265430 0.720313 0.115234 0.281250
2 0.384570 0.678320 0.119141 0.369141
2 0.485352 0.711914 0.080078 0.267578
2 0.590820 0.683594 0.119141 0.382812
2 0.696875 0.682617 0.109375 0.380859
2 0.152734 0.225977 0.121094 0.361328
2 0.268555 0.225977 0.115234 0.361328
2 0.392578 0.225000 0.113281 0.359375
2 0.737305 0.224609 0.115234 0.355469
2 0.842383 0.218750 0.119141 0.343750
2 0.949805 0.218359 0.099609 0.339844
2 0.923633 0.679102 0.134766 0.376953
2 0.813477 0.681641 0.126953 0.378906
2 0.630859 0.225586 0.105469 0.357422
