5 0.112109 0.339648 0.105469 0.169922
5 0.183594 0.313281 0.132812 0.164062
5 0.298828 0.335352 0.128906 0.189453
5 0.427148 0.346289 0.123047 0.205078
5 0.556641 0.352930 0.128906 0.208984
5 0.683398 0.351953 0.138672 0.207031
5 0.821289 0.356055 0.142578 0.193359
5 0.938086 0.373633 0.123047 0.228516
5 0.100195 0.567969 0.087891 0.117188
5 0.182031 0.560547 0.101562 0.152344
5 0.260352 0.572656 0.095703 0.148438
5 0.350586 0.567383 0.091797 0.134766
5 0.549609 0.608984 0.105469 0.152344
5 0.678125 0.599609 0.109375 0.136719
0 0.353516 0.869531 0.082031 0.101562
0 0.408789 0.894336 0.048828 0.091797
0 0.454492 0.884375 0.052734 0.093750
0 0.512109 0.896094 0.074219 0.101562
0 0.590625 0.916992 0.078125 0.115234
0 0.289648 0.857227 0.076172 0.095703
0 0.216797 0.849023 0.105469 0.107422
