0 0.604883 0.135352 0.384766 0.205078
0 0.597461 0.330664 0.388672 0.189453
0 0.595117 0.519141 0.396484 0.191406
0 0.599414 0.709766 0.392578 0.191406
0 0.596289 0.901758 0.392578 0.197266
0 0.890039 0.244922 0.220703 0.152344
0 0.889453 0.390625 0.222656 0.140625
0 0.879492 0.531836 0.240234 0.138672
0 0.890625 0.690039 0.218750 0.158203
0 0.887305 0.843359 0.224609 0.152344
0 0.219141 0.347461 0.378906 0.185547
0 0.218359 0.722266 0.371094 0.191406
0 0.202930 0.908984 0.396484 0.183594
0 0.225195 0.164062 0.384766 0.187500
0 0.224414 0.532227 0.361328 0.189453
