2 0.849707 0.526367 0.102539 0.318359
2 0.715234 0.214844 0.121094 0.195312
2 0.705371 0.327930 0.104492 0.224609
2 0.530566 0.315430 0.129883 0.396484
2 0.625293 0.247852 0.069336 0.236328
2 0.631934 0.567187 0.073242 0.312500
2 0.711914 0.676758 0.158203 0.337891
2 0.627930 0.900195 0.240234 0.134766
2 0.529297 0.583008 0.121094 0.400391
2 0.432422 0.310547 0.074219 0.246094
2 0.222559 0.558398 0.104492 0.419922
2 0.279395 0.824609 0.211914 0.167969
2 0.324609 0.933008 0.121094 0.134766
2 0.115332 0.944141 0.227539 0.113281
