3 0.169824 0.751758 0.139648 0.166016
3 0.299219 0.745117 0.132812 0.162109
3 0.414648 0.745898 0.138672 0.154297
3 0.521094 0.734570 0.148438 0.150391
3 0.625391 0.728125 0.144531 0.140625
3 0.809180 0.777539 0.193359 0.173828
3 0.795508 0.485938 0.197266 0.156250
3 0.822656 0.320508 0.195312 0.166016
3 0.210742 0.584570 0.146484 0.166016
3 0.183398 0.412305 0.138672 0.162109
3 0.205957 0.241211 0.133789 0.169922
3 0.324219 0.253906 0.132812 0.164062
3 0.430273 0.266602 0.138672 0.158203
3 0.533203 0.282422 0.144531 0.152344
3 0.639648 0.286133 0.138672 0.150391
3 0.630273 0.431250 0.138672 0.140625
3 0.529883 0.432227 0.134766 0.142578
3 0.420898 0.433594 0.138672 0.148438
3 0.307422 0.424609 0.136719 0.152344
3 0.334961 0.581641 0.138672 0.160156
3 0.446289 0.587500 0.142578 0.156250
3 0.547949 0.586133 0.139648 0.150391
3 0.645312 0.584180 0.140625 0.146484
