0 0.141016 0.883594 0.066406 0.148438
0 0.204492 0.880469 0.068359 0.148438
0 0.265625 0.883594 0.062500 0.148438
0 0.402148 0.885547 0.060547 0.152344
0 0.461523 0.884570 0.060547 0.150391
0 0.540625 0.890625 0.062500 0.156250
0 0.610938 0.889258 0.062500 0.150391
0 0.673438 0.892383 0.062500 0.150391
0 0.739258 0.892383 0.072266 0.150391
0 0.813477 0.894922 0.080078 0.152344
0 0.891992 0.896484 0.083984 0.152344
0 0.963672 0.897461 0.074219 0.154297
0 0.101367 0.695898 0.083984 0.138672
0 0.032227 0.705469 0.064453 0.117188
5 0.162500 0.687500 0.062500 0.156250
5 0.219336 0.678516 0.076172 0.175781
5 0.280859 0.688086 0.058594 0.154297
5 0.544531 0.677148 0.070312 0.154297
5 0.616797 0.688867 0.074219 0.162109
5 0.676758 0.669922 0.072266 0.136719
5 0.735742 0.674219 0.068359 0.132812
5 0.795508 0.675195 0.072266 0.134766
5 0.850195 0.676758 0.072266 0.134766
5 0.899023 0.707617 0.044922 0.099609
5 0.928125 0.725195 0.046875 0.103516
5 0.980469 0.705664 0.039062 0.142578
5 0.064453 0.212695 0.066406 0.166016
5 0.125391 0.199023 0.082031 0.201172
5 0.208594 0.199609 0.070312 0.199219
5 0.289062 0.196289 0.078125 0.205078
5 0.370117 0.195703 0.083984 0.207031
5 0.453516 0.176172 0.082031 0.183594
5 0.523438 0.175781 0.078125 0.179688
5 0.599219 0.214258 0.070312 0.166016
5 0.682227 0.202539 0.095703 0.189453
5 0.764453 0.189258 0.082031 0.166016
5 0.827539 0.180664 0.080078 0.158203
5 0.899023 0.207617 0.076172 0.177734
5 0.968750 0.199805 0.062500 0.193359
5 0.061914 0.426563 0.064453 0.156250
5 0.113281 0.479883 0.039062 0.119141
5 0.167578 0.451172 0.066406 0.167969
5 0.240234 0.443164 0.074219 0.189453
5 0.303320 0.478320 0.041016 0.119141
5 0.351562 0.451758 0.062500 0.166016
5 0.414648 0.443164 0.076172 0.189453
5 0.481250 0.460742 0.062500 0.146484
5 0.559375 0.449023 0.078125 0.169922
5 0.640039 0.447852 0.080078 0.173828
5 0.747852 0.429102 0.080078 0.142578
5 0.807422 0.431641 0.074219 0.144531
5 0.894531 0.430078 0.085938 0.144531
5 0.957422 0.431641 0.074219 0.144531
5 0.984961 0.459570 0.029297 0.150391
