0 0.147852 0.263672 0.173828 0.449219
0 0.287500 0.263086 0.156250 0.435547
0 0.413477 0.258203 0.142578 0.441406
0 0.553320 0.258203 0.134766 0.425781
0 0.714258 0.248633 0.134766 0.447266
0 0.848242 0.246875 0.146484 0.437500
0 0.955859 0.244922 0.089844 0.433594
0 0.351953 0.898828 0.003906 0.003906
0 0.322852 0.734180 0.126953 0.349609
0 0.448633 0.733789 0.134766 0.361328
0 0.584766 0.726172 0.128906 0.355469
0 0.733789 0.726562 0.142578 0.359375
0 0.853516 0.691016 0.113281 0.300781
0 0.211914 0.737305 0.126953 0.349609
