5 0.410156 0.700195 0.320312 0.181641
5 0.458008 0.768359 0.228516 0.167969
5 0.307227 0.781055 0.080078 0.037109
5 0.212695 0.791797 0.103516 0.167969
5 0.326172 0.881641 0.167969 0.175781
5 0.456055 0.875977 0.146484 0.158203
5 0.687305 0.897852 0.240234 0.205078
5 0.654883 0.786719 0.291016 0.210938
5 0.822656 0.783984 0.257812 0.152344
5 0.702148 0.661133 0.263672 0.150391
5 0.853906 0.575586 0.195312 0.154297
5 0.831641 0.391211 0.238281 0.138672
5 0.844727 0.184961 0.220703 0.201172
5 0.698633 0.469336 0.275391 0.138672
5 0.633789 0.559180 0.251953 0.146484
5 0.645898 0.323828 0.185547 0.175781
5 0.711719 0.236328 0.257812 0.191406
5 0.661914 0.133203 0.267578 0.222656
5 0.504883 0.338672 0.306641 0.152344
5 0.256641 0.546484 0.191406 0.152344
5 0.258398 0.349609 0.185547 0.152344
5 0.336719 0.407617 0.179688 0.162109
5 0.491797 0.466797 0.183594 0.136719
5 0.426758 0.564844 0.181641 0.148438
5 0.397070 0.211328 0.306641 0.207031
5 0.264453 0.109375 0.175781 0.156250
5 0.443359 0.122656 0.183594 0.179688
5 0.528125 0.181641 0.140625 0.160156
