3 0.874023 0.875391 0.232422 0.175781
3 0.625781 0.870996 0.226562 0.166992
3 0.875000 0.624316 0.250000 0.129883
3 0.619727 0.603418 0.205078 0.147461
3 0.252539 0.743848 0.439453 0.465820
3 0.762109 0.290332 0.246094 0.133789
3 0.822852 0.326562 0.220703 0.125000
3 0.606445 0.258398 0.212891 0.123047
3 0.643164 0.295508 0.205078 0.134766
3 0.829492 0.129980 0.333984 0.084961
3 0.817773 0.189160 0.294922 0.075195
3 0.324023 0.353809 0.263672 0.104492
3 0.373047 0.270801 0.246094 0.110352
3 0.181055 0.159082 0.349609 0.149414
3 0.165820 0.245508 0.291016 0.150391
