5 0.697656 0.308984 0.210938 0.152344
5 0.595313 0.368945 0.187500 0.228516
5 0.891602 0.353906 0.158203 0.210938
5 0.879492 0.545508 0.193359 0.244141
5 0.743945 0.476172 0.119141 0.199219
5 0.541602 0.452539 0.158203 0.189453
5 0.401367 0.310547 0.208984 0.121094
5 0.422266 0.427539 0.160156 0.173828
5 0.453125 0.624805 0.187500 0.224609
5 0.626367 0.570703 0.208984 0.128906
5 0.885156 0.726172 0.226562 0.246094
5 0.773438 0.745117 0.187500 0.208984
5 0.586914 0.741602 0.205078 0.220703
5 0.490820 0.766602 0.166016 0.205078
5 0.302539 0.812109 0.173828 0.105469
5 0.311133 0.673438 0.119141 0.187500
5 0.339258 0.534180 0.134766 0.193359
5 0.197266 0.617578 0.128906 0.191406
5 0.260742 0.374414 0.099609 0.189453
5 0.126953 0.419727 0.097656 0.220703
