4 0.494922 0.667480 0.246094 0.163086
4 0.686523 0.610938 0.138672 0.187500
4 0.960938 0.322754 0.078125 0.145508
4 0.258789 0.412598 0.220703 0.231445
4 0.076172 0.343262 0.152344 0.155273
4 0.351367 0.316602 0.240234 0.267578
4 0.524219 0.240430 0.085938 0.146484
4 0.242969 0.620020 0.242188 0.243164
2 0.826562 0.490039 0.125000 0.126953
2 0.129883 0.236523 0.259766 0.138672
3 0.870508 0.278027 0.119141 0.112305
4 0.652930 0.256738 0.162109 0.172852
4 0.683398 0.396680 0.123047 0.083984
4 0.538086 0.343262 0.248047 0.155273
