4 0.900781 0.881250 0.164062 0.203125
4 0.698633 0.874902 0.166016 0.190430
4 0.532227 0.874805 0.064453 0.224609
4 0.461328 0.872168 0.097656 0.178711
4 0.293945 0.875391 0.134766 0.222656
4 0.091406 0.881250 0.164062 0.203125
4 0.896094 0.617773 0.148438 0.216797
4 0.698242 0.612402 0.177734 0.190430
4 0.536133 0.615625 0.072266 0.203125
4 0.453711 0.612988 0.091797 0.188477
4 0.298242 0.620410 0.146484 0.215820
4 0.089258 0.622656 0.150391 0.210938
4 0.848633 0.378027 0.166016 0.190430
4 0.647070 0.375391 0.134766 0.222656
4 0.224609 0.444922 0.449219 0.105469
4 0.139648 0.474902 0.279297 0.049805
4 0.220703 0.143555 0.441406 0.287109
4 0.237305 0.217090 0.474609 0.237305
4 0.256836 0.267969 0.435547 0.132812
4 0.234375 0.354395 0.468750 0.102539
4 0.651367 0.123047 0.146484 0.214844
4 0.850391 0.114551 0.175781 0.188477
