5 0.620117 0.842187 0.287109 0.203125
5 0.280273 0.911914 0.279297 0.095703
5 0.488281 0.808594 0.257812 0.117188
5 0.294922 0.783594 0.277344 0.117188
5 0.322070 0.649219 0.259766 0.085938
5 0.546875 0.658008 0.234375 0.212891
5 0.646875 0.616016 0.234375 0.207031
5 0.211914 0.488672 0.236328 0.230469
5 0.328906 0.447852 0.164062 0.267578
5 0.704492 0.448633 0.083984 0.275391
5 0.610938 0.364844 0.093750 0.242188
5 0.514258 0.436523 0.119141 0.248047
5 0.430273 0.360352 0.107422 0.251953
5 0.362695 0.240625 0.087891 0.265625
5 0.225977 0.232031 0.189453 0.289062
5 0.537500 0.183203 0.234375 0.082031
