5 0.232031 0.369727 0.320312 0.298828
5 0.283594 0.888184 0.367188 0.166992
5 0.323340 0.914648 0.393555 0.169922
5 0.628320 0.729590 0.416016 0.206055
5 0.650195 0.625000 0.369141 0.187500
5 0.622949 0.537598 0.389648 0.184570
5 0.872461 0.515137 0.201172 0.155273
5 0.902344 0.667578 0.195312 0.097656
5 0.298242 0.336328 0.240234 0.332031
5 0.060547 0.330566 0.121094 0.083008
5 0.090234 0.395117 0.167969 0.099609
5 0.271094 0.805371 0.304688 0.120117
5 0.137695 0.497363 0.275391 0.110352
5 0.235742 0.571777 0.396484 0.174805
5 0.259375 0.678320 0.421875 0.150391
5 0.653320 0.821875 0.291016 0.109375
