0 0.269336 0.910156 0.373047 0.132812
5 0.260547 0.809570 0.355469 0.134766
0 0.312305 0.688281 0.255859 0.101562
0 0.315430 0.591602 0.271484 0.095703
0 0.315430 0.497852 0.271484 0.095703
0 0.308398 0.400977 0.263672 0.095703
0 0.306250 0.299805 0.265625 0.099609
0 0.311523 0.185938 0.279297 0.109375
0 0.237695 0.070312 0.369141 0.140625
0 0.800391 0.956445 0.269531 0.087891
0 0.800781 0.857031 0.273438 0.148438
0 0.788477 0.730859 0.283203 0.121094
0 0.806445 0.238867 0.291016 0.130859
0 0.810156 0.109961 0.289062 0.138672
