4 0.922461 0.760742 0.154297 0.333984
4 0.749805 0.929688 0.271484 0.140625
4 0.559570 0.835352 0.119141 0.330078
4 0.694922 0.726367 0.246094 0.302734
4 0.624023 0.573242 0.248047 0.146484
4 0.238867 0.743750 0.443359 0.484375
4 0.750977 0.249609 0.408203 0.464844
4 0.163672 0.430273 0.261719 0.138672
4 0.245898 0.237305 0.279297 0.240234
4 0.067383 0.364258 0.134766 0.212891
4 0.059570 0.132812 0.119141 0.265625
4 0.198828 0.068359 0.238281 0.136719
4 0.422461 0.094824 0.154297 0.186523
4 0.417969 0.357812 0.164062 0.250000
