4 0.593848 0.891211 0.184570 0.216797
4 0.771094 0.760156 0.242188 0.351562
4 0.932422 0.938574 0.136719 0.124023
4 0.964258 0.679590 0.072266 0.221680
4 0.566406 0.622070 0.132812 0.244141
4 0.808594 0.452930 0.117188 0.099609
4 0.675195 0.441992 0.150391 0.115234
4 0.600391 0.371680 0.144531 0.099609
4 0.633398 0.253613 0.154297 0.141602
4 0.760742 0.215527 0.099609 0.159180
4 0.893359 0.263086 0.183594 0.154297
4 0.893945 0.393262 0.150391 0.108398
4 0.271094 0.260156 0.242188 0.351562
4 0.432422 0.438574 0.136719 0.124023
4 0.463672 0.178613 0.074219 0.219727
4 0.066406 0.123145 0.132812 0.243164
4 0.091797 0.391699 0.183594 0.217773
