3 0.167871 0.833008 0.323242 0.228516
3 0.168848 0.509570 0.309570 0.275391
3 0.170313 0.172266 0.296875 0.222656
3 0.499805 0.834375 0.287109 0.250000
3 0.533594 0.494727 0.226562 0.283203
3 0.505469 0.177344 0.242188 0.257812
3 0.809375 0.740625 0.171875 0.125000
3 0.838477 0.823633 0.173828 0.134766
3 0.864746 0.914844 0.182617 0.148438
3 0.872559 0.575781 0.198242 0.164062
3 0.865234 0.419727 0.214844 0.158203
3 0.844823 0.280743 0.208395 0.105236
3 0.866589 0.203770 0.180053 0.116914
3 0.885339 0.090132 0.180053 0.155264
