6 0.971484 0.724609 0.058594 0.292969
6 0.884375 0.725586 0.125000 0.294922
6 0.757227 0.725586 0.142578 0.294922
6 0.623047 0.726562 0.121094 0.296875
6 0.504297 0.727539 0.121094 0.298828
6 0.385547 0.726562 0.121094 0.296875
6 0.264648 0.727539 0.123047 0.298828
6 0.135156 0.722656 0.132812 0.289062
6 0.033203 0.723242 0.066406 0.287109
6 0.920312 0.200586 0.125000 0.216797
6 0.807227 0.199023 0.126953 0.216797
6 0.689063 0.194922 0.125000 0.214844
6 0.568164 0.193750 0.126953 0.218750
6 0.404687 0.194141 0.125000 0.222656
6 0.281836 0.189062 0.123047 0.218750
6 0.162891 0.186523 0.128906 0.216797
6 0.053711 0.185938 0.107422 0.218750
6 0.032227 0.406836 0.064453 0.201172
