6 0.078125 0.286133 0.156250 0.322266
6 0.688477 0.287500 0.173828 0.328125
6 0.850000 0.288477 0.187500 0.330078
6 0.955859 0.288477 0.089844 0.330078
6 0.520898 0.290430 0.154297 0.318359
6 0.367188 0.290039 0.156250 0.314453
6 0.221484 0.290039 0.167969 0.314453
6 0.092383 0.639062 0.134766 0.109375
6 0.216797 0.640625 0.136719 0.109375
6 0.462500 0.647266 0.125000 0.113281
6 0.863281 0.663086 0.148438 0.123047
6 0.094727 0.740234 0.126953 0.089844
6 0.216211 0.742188 0.123047 0.093750
6 0.334961 0.748437 0.123047 0.093750
6 0.459375 0.751367 0.125000 0.099609
6 0.604492 0.757422 0.130859 0.089844
6 0.734180 0.764648 0.130859 0.091797
6 0.864258 0.766211 0.134766 0.091797
6 0.115820 0.891211 0.134766 0.216797
6 0.230078 0.893359 0.128906 0.214844
6 0.342773 0.897266 0.123047 0.207031
6 0.463672 0.898438 0.121094 0.203125
6 0.602930 0.899023 0.130859 0.201172
6 0.727930 0.902930 0.130859 0.193359
6 0.852930 0.906250 0.146484 0.187500
6 0.734223 0.664023 0.146572 0.121797
6 0.340508 0.644723 0.131016 0.111320
6 0.603588 0.657355 0.132177 0.117836
