2 0.251367 0.840625 0.490234 0.125000
2 0.253711 0.499414 0.482422 0.126953
2 0.239258 0.234375 0.478516 0.140625
2 0.245117 0.087891 0.490234 0.144531
0 0.632227 0.830859 0.236328 0.292969
0 0.806445 0.823047 0.134766 0.277344
0 0.920410 0.818945 0.137695 0.275391
0 0.613867 0.496484 0.146484 0.324219
0 0.744141 0.499609 0.128906 0.324219
0 0.873437 0.500586 0.140625 0.326172
0 0.576074 0.173828 0.124023 0.285156
0 0.697266 0.166406 0.128906 0.273438
0 0.817676 0.175195 0.110352 0.291016
0 0.929297 0.175586 0.121094 0.294922
