6 0.187305 0.826562 0.193359 0.093750
6 0.183594 0.739258 0.195312 0.087891
6 0.183594 0.651172 0.195312 0.089844
6 0.194922 0.561133 0.167969 0.087891
6 0.193945 0.470508 0.166016 0.087891
6 0.192383 0.382422 0.166016 0.089844
6 0.172461 0.289648 0.201172 0.091797
6 0.171484 0.204102 0.199219 0.095703
6 0.169336 0.120117 0.201172 0.099609
6 0.187500 0.041992 0.156250 0.083984
6 0.487695 0.929492 0.212891 0.099609
6 0.487695 0.837305 0.212891 0.099609
6 0.483984 0.744727 0.214844 0.095703
6 0.484766 0.652148 0.207031 0.091797
6 0.484180 0.562109 0.208984 0.089844
6 0.481055 0.473047 0.208984 0.089844
6 0.481055 0.375977 0.208984 0.095703
6 0.478906 0.285156 0.210938 0.101562
6 0.477344 0.193359 0.210938 0.105469
6 0.476172 0.094531 0.214844 0.117188
6 0.710547 0.948047 0.230469 0.105469
6 0.708984 0.855859 0.230469 0.105469
6 0.707812 0.759570 0.234375 0.103516
6 0.707812 0.657617 0.234375 0.099609
6 0.705664 0.564453 0.236328 0.097656
6 0.704688 0.469727 0.234375 0.095703
6 0.703711 0.368945 0.232422 0.103516
6 0.703125 0.274023 0.234375 0.107422
6 0.702539 0.179102 0.236328 0.111328
6 0.702539 0.076563 0.236328 0.125000
