0 0.833594 0.063867 0.179688 0.083984
0 0.833594 0.141602 0.179688 0.080078
0 0.833789 0.218750 0.173828 0.078125
0 0.836719 0.290625 0.179688 0.078125
0 0.835352 0.365820 0.173828 0.072266
0 0.838281 0.437109 0.179688 0.074219
0 0.837891 0.509570 0.175781 0.072266
0 0.838867 0.582031 0.177734 0.070312
0 0.843555 0.653906 0.177734 0.070312
0 0.845508 0.726562 0.181641 0.078125
0 0.849023 0.812305 0.185547 0.083984
0 0.848633 0.892578 0.181641 0.082031
0 0.871680 0.967578 0.224609 0.066406
0 0.600977 0.085547 0.111328 0.058594
0 0.601953 0.141406 0.113281 0.054688
0 0.602539 0.196094 0.111328 0.054688
0 0.603125 0.265430 0.109375 0.052734
0 0.603516 0.323828 0.113281 0.050781
0 0.618750 0.377734 0.140625 0.058594
0 0.621875 0.435547 0.140625 0.058594
0 0.622461 0.498633 0.138672 0.056641
0 0.609766 0.556445 0.113281 0.056641
0 0.610352 0.612695 0.111328 0.056641
0 0.610352 0.668945 0.111328 0.056641
0 0.613086 0.727344 0.107422 0.054688
0 0.614062 0.783984 0.109375 0.058594
0 0.616602 0.845313 0.111328 0.062500
0 0.618164 0.918945 0.111328 0.056641
0 0.619727 0.973242 0.111328 0.052734
0 0.411719 0.941016 0.164062 0.066406
0 0.409570 0.873633 0.166016 0.072266
0 0.408789 0.802734 0.173828 0.074219
0 0.418750 0.724414 0.156250 0.080078
0 0.417773 0.645898 0.154297 0.076172
0 0.406250 0.563086 0.171875 0.076172
0 0.415820 0.479297 0.150391 0.074219
0 0.407031 0.388086 0.164062 0.076172
0 0.398242 0.280078 0.177734 0.082031
0 0.394531 0.195898 0.179688 0.091797
0 0.392383 0.111133 0.181641 0.087891
0 0.140039 0.129688 0.220703 0.093750
0 0.140625 0.216602 0.218750 0.095703
0 0.146484 0.321875 0.214844 0.093750
0 0.151172 0.401758 0.214844 0.087891
0 0.148828 0.491797 0.222656 0.089844
0 0.150977 0.576172 0.220703 0.089844
0 0.154297 0.666406 0.214844 0.085938
0 0.158594 0.749023 0.210938 0.091797
0 0.159570 0.837500 0.212891 0.093750
0 0.161719 0.932227 0.210938 0.095703
