2 0.850391 0.508594 0.300781 0.445312
2 0.633203 0.485938 0.128906 0.468750
2 0.893945 0.350293 0.212891 0.241211
2 0.910742 0.223340 0.177734 0.112305
2 0.236328 0.643164 0.425781 0.345703
2 0.847656 0.689355 0.304688 0.288086
2 0.606348 0.745215 0.153320 0.174805
2 0.056641 0.655371 0.113281 0.354492
2 0.312988 0.536035 0.454102 0.372070
2 0.364648 0.487695 0.451172 0.353516
2 0.051758 0.306836 0.103516 0.279297
2 0.730566 0.724512 0.192383 0.217773
2 0.315234 0.308789 0.449219 0.220703
2 0.565039 0.234570 0.408203 0.134766
2 0.218750 0.743555 0.265625 0.177734
