2 0.731445 0.109766 0.400391 0.160156
2 0.762695 0.279297 0.431641 0.121094
2 0.758496 0.409766 0.432617 0.144531
2 0.785937 0.599609 0.187500 0.167969
2 0.868262 0.757422 0.249023 0.105469
2 0.815820 0.919727 0.244141 0.126953
2 0.628516 0.708789 0.191406 0.267578
2 0.260059 0.100391 0.416992 0.144531
2 0.252832 0.247070 0.415039 0.134766
2 0.261523 0.402930 0.435547 0.146484
2 0.309375 0.618945 0.234375 0.181641
2 0.337793 0.761523 0.241211 0.123047
2 0.361133 0.918555 0.259766 0.130859
2 0.096484 0.775781 0.167969 0.320312
