5 0.790430 0.625000 0.083984 0.203125
5 0.731250 0.358789 0.078125 0.220703
5 0.682422 0.210352 0.136719 0.220703
5 0.685547 0.542578 0.105469 0.222656
5 0.561328 0.378906 0.207031 0.101562
5 0.568164 0.211914 0.142578 0.236328
5 0.534180 0.565234 0.068359 0.277344
5 0.630859 0.827539 0.214844 0.111328
5 0.617578 0.642383 0.097656 0.228516
5 0.449316 0.940234 0.254883 0.121094
5 0.272363 0.850977 0.094727 0.298828
5 0.395898 0.623047 0.154297 0.246094
5 0.460352 0.659961 0.126953 0.232422
5 0.437500 0.190039 0.125000 0.283203
5 0.387500 0.393164 0.125000 0.345703
5 0.272852 0.850977 0.095703 0.298828
5 0.259375 0.588867 0.125000 0.255859
5 0.187109 0.322852 0.277344 0.158203
5 0.198340 0.126953 0.143555 0.253906
5 0.113281 0.508789 0.226562 0.298828
5 0.113379 0.774414 0.223633 0.142578
