6 0.173437 0.187305 0.093750 0.193359
6 0.261133 0.183594 0.087891 0.195312
6 0.349609 0.183594 0.089844 0.195312
6 0.439258 0.195898 0.087891 0.169922
6 0.529297 0.193945 0.089844 0.166016
6 0.617773 0.192383 0.091797 0.166016
6 0.709375 0.173437 0.093750 0.203125
6 0.796289 0.171484 0.095703 0.199219
6 0.880469 0.169336 0.101562 0.201172
6 0.957617 0.187500 0.083984 0.156250
6 0.972070 0.475195 0.056641 0.212891
6 0.930273 0.702539 0.138672 0.236328
6 0.908008 0.476172 0.119141 0.214844
6 0.806445 0.477344 0.103516 0.210938
6 0.714844 0.479883 0.101562 0.212891
6 0.625391 0.481055 0.097656 0.208984
6 0.820703 0.702539 0.113281 0.236328
6 0.725586 0.702148 0.107422 0.232422
6 0.631445 0.702734 0.103516 0.230469
6 0.527734 0.481055 0.089844 0.208984
6 0.437109 0.484180 0.089844 0.208984
6 0.350000 0.484766 0.093750 0.207031
6 0.530664 0.704688 0.095703 0.234375
6 0.436328 0.705664 0.097656 0.236328
6 0.343555 0.707812 0.099609 0.234375
6 0.240820 0.707812 0.103516 0.234375
6 0.256641 0.483008 0.097656 0.212891
6 0.163867 0.487695 0.099609 0.212891
6 0.144336 0.709961 0.107422 0.232422
6 0.072070 0.488672 0.103516 0.214844
6 0.052734 0.710547 0.105469 0.230469
6 0.086886 0.177965 0.126897 0.215305
