6 0.282813 0.942383 0.187500 0.087891
6 0.285938 0.863672 0.187500 0.089844
6 0.288477 0.780859 0.189453 0.089844
6 0.291797 0.698828 0.183594 0.082031
6 0.294336 0.620703 0.185547 0.082031
6 0.295898 0.541602 0.185547 0.080078
6 0.297461 0.463477 0.185547 0.080078
6 0.320117 0.391602 0.146484 0.064453
6 0.321094 0.320898 0.148438 0.076172
6 0.322656 0.243750 0.148438 0.078125
6 0.323242 0.167773 0.146484 0.076172
6 0.301367 0.044922 0.193359 0.089844
6 0.515039 0.938086 0.189453 0.091797
6 0.516602 0.861133 0.189453 0.087891
6 0.517578 0.783008 0.191406 0.087891
6 0.521289 0.703906 0.189453 0.085938
6 0.521875 0.620508 0.187500 0.087891
6 0.523438 0.541602 0.187500 0.080078
6 0.525977 0.466211 0.189453 0.076172
6 0.529102 0.390234 0.189453 0.074219
6 0.530664 0.314063 0.189453 0.078125
6 0.531250 0.237695 0.187500 0.072266
6 0.533789 0.162109 0.189453 0.074219
6 0.536914 0.085938 0.189453 0.078125
6 0.537500 0.024414 0.187500 0.048828
6 0.715820 0.957031 0.212891 0.085938
6 0.720508 0.881836 0.212891 0.091797
6 0.721094 0.801172 0.210938 0.089844
6 0.721094 0.721484 0.210938 0.089844
6 0.721680 0.630859 0.208984 0.089844
6 0.725391 0.551367 0.207031 0.083984
6 0.725977 0.474414 0.205078 0.080078
6 0.726953 0.395898 0.207031 0.076172
6 0.727539 0.315039 0.205078 0.080078
6 0.729102 0.238086 0.205078 0.076172
6 0.732227 0.160938 0.205078 0.078125
6 0.733789 0.085352 0.205078 0.080078
6 0.736328 0.023438 0.207031 0.046875
