0 0.086719 0.078125 0.070312 0.156250
5 0.855078 0.702734 0.113281 0.292969
5 0.764453 0.684180 0.066406 0.193359
5 0.679297 0.683984 0.074219 0.199219
5 0.544727 0.700781 0.095703 0.289062
5 0.593164 0.708984 0.064453 0.277344
5 0.448242 0.709375 0.099609 0.296875
5 0.356445 0.675195 0.072266 0.228516
5 0.264648 0.704688 0.107422 0.281250
5 0.146484 0.698047 0.105469 0.261719
5 0.047852 0.713281 0.095703 0.289062
5 0.948242 0.066406 0.083984 0.132812
5 0.859180 0.068359 0.068359 0.136719
5 0.788086 0.069336 0.076172 0.138672
5 0.703125 0.054688 0.078125 0.109375
5 0.624414 0.052734 0.080078 0.105469
5 0.551172 0.072266 0.074219 0.144531
5 0.464648 0.073242 0.076172 0.146484
5 0.382617 0.073242 0.068359 0.146484
0 0.152930 0.077148 0.068359 0.154297
0 0.226562 0.076172 0.062500 0.152344
0 0.294727 0.075195 0.064453 0.150391
0 0.869727 0.352344 0.111328 0.257812
0 0.955859 0.350195 0.089844 0.259766
0 0.779102 0.353320 0.095703 0.259766
0 0.677344 0.351172 0.101562 0.261719
0 0.569141 0.325977 0.097656 0.189453
0 0.469141 0.354297 0.097656 0.261719
