6 0.189062 0.294531 0.115625 0.273438
6 0.394531 0.297656 0.095312 0.257812
6 0.510938 0.296875 0.118750 0.259375
6 0.682031 0.219531 0.245312 0.423438
6 0.871094 0.217188 0.229687 0.418750
6 0.887500 0.812500 0.140625 0.275000
6 0.778125 0.810156 0.121875 0.285938
6 0.678125 0.810156 0.118750 0.267188
6 0.567187 0.808594 0.121875 0.307812
6 0.453906 0.804688 0.139063 0.346875
6 0.337500 0.798438 0.118750 0.337500
6 0.225000 0.811719 0.118750 0.323437
6 0.105469 0.811719 0.114062 0.314063
6 0.292383 0.288672 0.103516 0.246094
