5 0.298828 0.172656 0.160156 0.273438
5 0.207617 0.318359 0.146484 0.246094
5 0.540430 0.184570 0.255859 0.197266
5 0.758203 0.295508 0.160156 0.275391
5 0.579883 0.334570 0.244141 0.244141
5 0.453711 0.372656 0.263672 0.179688
5 0.714453 0.555664 0.160156 0.267578
5 0.872852 0.552734 0.126953 0.261719
5 0.395117 0.517188 0.255859 0.109375
5 0.620898 0.637695 0.185547 0.259766
5 0.400391 0.622461 0.253906 0.123047
5 0.171680 0.709570 0.287109 0.181641
5 0.375977 0.791602 0.267578 0.189453
5 0.633594 0.842773 0.242188 0.263672
5 0.138672 0.542969 0.136719 0.257812
