2 0.116211 0.186523 0.232422 0.341797
2 0.137109 0.067383 0.214844 0.134766
2 0.312305 0.155273 0.240234 0.279297
2 0.522266 0.181250 0.238281 0.187500
2 0.800195 0.301563 0.400391 0.359375
2 0.644336 0.311328 0.201172 0.144531
2 0.865234 0.617188 0.199219 0.218750
2 0.082031 0.412695 0.164062 0.259766
2 0.240234 0.412109 0.277344 0.167969
2 0.252930 0.646875 0.505859 0.187500
2 0.149414 0.790625 0.298828 0.171875
2 0.374414 0.856055 0.392578 0.287109
2 0.627734 0.651953 0.230469 0.207031
2 0.734375 0.835352 0.531250 0.330078
2 0.315039 0.035156 0.189453 0.070312
3 0.496680 0.426172 0.255859 0.308594
3 0.722266 0.552539 0.238281 0.345703
4 0.089844 0.902930 0.179688 0.193359
