6 0.246973 0.920312 0.325195 0.125000
6 0.250000 0.791406 0.343750 0.132812
6 0.253027 0.636719 0.362305 0.179688
6 0.243750 0.530078 0.328125 0.035156
6 0.614160 0.872852 0.153320 0.173828
6 0.825977 0.882812 0.267578 0.234375
6 0.658984 0.629687 0.230469 0.187500
6 0.824219 0.603516 0.257812 0.207031
6 0.742188 0.371875 0.296875 0.218750
6 0.569824 0.343359 0.061523 0.152344
6 0.745117 0.230469 0.302734 0.195312
6 0.566797 0.210742 0.058594 0.146484
6 0.745996 0.084570 0.307617 0.166016
6 0.569824 0.071875 0.061523 0.140625
6 0.251855 0.394336 0.381836 0.154297
6 0.261816 0.269531 0.379883 0.148438
6 0.267969 0.134766 0.382812 0.160156
6 0.252734 0.090234 0.371094 0.136719
