5 0.874414 0.285547 0.251953 0.183594
5 0.584570 0.126367 0.259766 0.193359
5 0.172266 0.217578 0.253906 0.253906
5 0.373828 0.193359 0.253906 0.246094
5 0.083984 0.409082 0.167969 0.165039
5 0.327148 0.435547 0.185547 0.230469
5 0.410938 0.422852 0.156250 0.236328
5 0.575977 0.550781 0.205078 0.257812
5 0.540430 0.359766 0.208984 0.222656
5 0.738867 0.501367 0.240234 0.177734
5 0.680664 0.332617 0.173828 0.255859
5 0.334570 0.551758 0.228516 0.228516
5 0.207813 0.564258 0.218750 0.166016
5 0.217383 0.683008 0.228516 0.150391
5 0.077148 0.726562 0.154297 0.156250
5 0.308594 0.832617 0.210938 0.177734
5 0.438867 0.704883 0.208984 0.181641
5 0.464648 0.885547 0.123047 0.199219
5 0.558008 0.785156 0.119141 0.195312
5 0.646875 0.717187 0.218750 0.171875
5 0.854297 0.608398 0.183594 0.201172
