6 0.893945 0.377734 0.119141 0.261719
6 0.778320 0.378711 0.119141 0.263672
6 0.662695 0.379688 0.119141 0.265625
6 0.548633 0.380664 0.119141 0.267578
6 0.908984 0.654883 0.121094 0.291016
6 0.789648 0.654883 0.123047 0.291016
6 0.672461 0.658594 0.123047 0.289062
6 0.557422 0.658594 0.121094 0.289062
6 0.435547 0.662500 0.121094 0.296875
6 0.426758 0.378516 0.119141 0.269531
6 0.306445 0.377930 0.119141 0.271484
6 0.310937 0.665039 0.125000 0.298828
6 0.183398 0.378320 0.123047 0.275391
6 0.185938 0.667969 0.125000 0.304688
6 0.060547 0.379297 0.121094 0.277344
6 0.061523 0.668555 0.123047 0.302734
