3 0.249805 0.164062 0.490234 0.218750
3 0.632617 0.142969 0.224609 0.101562
3 0.676367 0.060352 0.240234 0.080078
3 0.808594 0.245996 0.320312 0.135742
3 0.821875 0.151172 0.265625 0.105469
3 0.242578 0.496875 0.410156 0.296875
3 0.587891 0.500391 0.066406 0.300781
3 0.656641 0.504687 0.050781 0.312500
3 0.727148 0.498047 0.060547 0.292969
3 0.783789 0.497656 0.048828 0.304688
3 0.857422 0.490039 0.058594 0.283203
3 0.923242 0.499902 0.068359 0.299805
3 0.246094 0.831152 0.429688 0.299805
3 0.703711 0.712891 0.216797 0.082031
3 0.625977 0.779883 0.158203 0.087891
3 0.816992 0.880176 0.318359 0.235352
