5 0.412695 0.179297 0.275391 0.136719
5 0.368555 0.330859 0.271484 0.167969
5 0.224023 0.461523 0.216797 0.388672
5 0.335352 0.691211 0.236328 0.216797
5 0.411133 0.540820 0.197266 0.119141
5 0.439844 0.421484 0.179688 0.089844
5 0.543945 0.253320 0.119141 0.259766
5 0.583398 0.353320 0.107422 0.244141
5 0.393555 0.888477 0.302734 0.173828
5 0.501367 0.640039 0.130859 0.251953
5 0.559961 0.714453 0.123047 0.269531
5 0.606055 0.561328 0.083984 0.238281
5 0.659180 0.549805 0.083984 0.224609
5 0.653711 0.259766 0.123047 0.253906
5 0.704883 0.528125 0.056641 0.203125
5 0.647461 0.368750 0.060547 0.187500
