2 0.526367 0.151270 0.318359 0.102539
2 0.214844 0.285547 0.195312 0.121094
2 0.327930 0.294434 0.224609 0.104492
2 0.315430 0.469629 0.396484 0.129883
2 0.247852 0.375293 0.236328 0.069336
2 0.567187 0.369434 0.312500 0.073242
2 0.676758 0.288477 0.337891 0.158203
2 0.900195 0.371680 0.134766 0.240234
2 0.583008 0.471484 0.400391 0.121094
2 0.310547 0.568359 0.246094 0.074219
2 0.558398 0.777246 0.419922 0.104492
2 0.824609 0.721582 0.167969 0.211914
2 0.933008 0.676172 0.134766 0.121094
2 0.944141 0.885645 0.113281 0.227539
