0 0.101953 0.207422 0.128906 0.339844
0 0.198633 0.205664 0.119141 0.345703
0 0.298438 0.206055 0.125000 0.349609
0 0.417383 0.205078 0.119141 0.347656
0 0.536719 0.205859 0.117188 0.355469
0 0.649023 0.194727 0.123047 0.330078
0 0.755859 0.198633 0.121094 0.322266
0 0.878711 0.208008 0.123047 0.353516
0 0.965430 0.208984 0.068359 0.355469
0 0.945898 0.747656 0.107422 0.398438
0 0.819922 0.747852 0.183594 0.423828
0 0.650781 0.738672 0.164062 0.417969
0 0.486914 0.758203 0.173828 0.425781
0 0.319922 0.727344 0.167969 0.414062
0 0.129883 0.745508 0.212891 0.431641
