0 0.891211 0.206445 0.216797 0.087891
0 0.893359 0.284180 0.214844 0.083984
0 0.893359 0.366016 0.214844 0.082031
0 0.676172 0.217188 0.214844 0.093750
0 0.678711 0.297461 0.216797 0.091797
0 0.677734 0.378320 0.214844 0.087891
0 0.678320 0.456641 0.212891 0.082031
0 0.681445 0.539453 0.212891 0.082031
0 0.682422 0.621680 0.214844 0.083984
0 0.683008 0.701758 0.212891 0.087891
0 0.683594 0.765430 0.210938 0.052734
0 0.685156 0.861914 0.210938 0.095703
0 0.687891 0.944922 0.207031 0.089844
0 0.124414 0.039062 0.173828 0.078125
0 0.131250 0.110937 0.171875 0.078125
0 0.126562 0.222461 0.171875 0.154297
0 0.122656 0.345117 0.164062 0.083984
0 0.128320 0.430078 0.166016 0.082031
0 0.123047 0.519141 0.167969 0.082031
0 0.128320 0.603516 0.166016 0.082031
0 0.124609 0.688867 0.167969 0.083984
0 0.124023 0.773828 0.169922 0.082031
0 0.123047 0.856055 0.167969 0.083984
