5 0.704883 0.289453 0.400391 0.175781
5 0.701172 0.058594 0.402344 0.117188
0 0.294336 0.920312 0.310547 0.109375
0 0.294336 0.819336 0.310547 0.107422
0 0.287891 0.700586 0.316406 0.107422
0 0.285742 0.567383 0.318359 0.103516
0 0.278125 0.454492 0.328125 0.099609
0 0.277734 0.334570 0.324219 0.103516
0 0.271289 0.202930 0.330078 0.099609
0 0.274414 0.087305 0.314453 0.099609
0 0.705469 0.897461 0.382812 0.138672
0 0.703906 0.776953 0.382812 0.128906
0 0.704883 0.659961 0.384766 0.123047
0 0.703125 0.544336 0.390625 0.123047
0 0.705078 0.420312 0.394531 0.109375
0 0.698828 0.166016 0.394531 0.113281
