3 0.071289 0.160449 0.142578 0.139648
3 0.206641 0.175195 0.128906 0.103516
3 0.333398 0.179590 0.107422 0.096680
3 0.439063 0.180078 0.093750 0.097656
3 0.577539 0.163184 0.126953 0.151367
3 0.680469 0.167773 0.085938 0.185547
3 0.775000 0.164062 0.109375 0.218750
3 0.888086 0.160742 0.201172 0.271484
3 0.121484 0.461719 0.230469 0.132812
3 0.359375 0.450293 0.265625 0.163086
3 0.583789 0.454883 0.142578 0.212891
3 0.699023 0.496191 0.123047 0.176758
3 0.823242 0.509863 0.115234 0.188477
3 0.931641 0.541113 0.113281 0.172852
3 0.619727 0.831152 0.205078 0.268555
3 0.875586 0.862793 0.216797 0.225586
3 0.382812 0.870020 0.218750 0.149414
3 0.107813 0.857031 0.203125 0.132812
3 0.252539 0.825684 0.126953 0.104492
