1 0.088867 0.256641 0.177734 0.300781
1 0.480469 0.240625 0.226562 0.312500
1 0.329102 0.626953 0.205078 0.238281
1 0.129883 0.634766 0.197266 0.238281
1 0.057617 0.914062 0.115234 0.171875
1 0.179297 0.913477 0.167969 0.173828
1 0.333398 0.909180 0.154297 0.177734
1 0.494922 0.905078 0.152344 0.175781
1 0.657617 0.901758 0.177734 0.181641
1 0.792383 0.896094 0.150391 0.179688
1 0.863672 0.614844 0.199219 0.226562
1 0.681445 0.617969 0.181641 0.226562
1 0.512109 0.622070 0.183594 0.228516
1 0.266992 0.245117 0.240234 0.318359
1 0.705664 0.236328 0.236328 0.300781
1 0.893945 0.234375 0.212891 0.296875
