6 0.604883 0.700195 0.259766 0.103516
6 0.617578 0.599414 0.269531 0.111328
6 0.630469 0.496680 0.273438 0.115234
6 0.644141 0.394922 0.285156 0.121094
6 0.658984 0.281055 0.292969 0.130859
6 0.673242 0.159766 0.302734 0.144531
6 0.675391 0.054688 0.285156 0.109375
6 0.158203 0.475586 0.316406 0.138672
6 0.161133 0.328516 0.322266 0.160156
6 0.163086 0.169922 0.326172 0.183594
6 0.165039 0.053711 0.330078 0.107422
6 0.594141 0.792578 0.253906 0.113281
6 0.895312 0.660742 0.187500 0.099609
6 0.886719 0.743164 0.195312 0.095703
6 0.908984 0.574805 0.183594 0.099609
6 0.940234 0.443359 0.121094 0.105469
6 0.949219 0.344336 0.101562 0.107422
6 0.959766 0.242773 0.082031 0.107422
