6 0.158008 0.926172 0.181641 0.074219
6 0.155273 0.850586 0.185547 0.076172
6 0.153906 0.776172 0.179688 0.074219
6 0.153711 0.697852 0.185547 0.080078
6 0.149219 0.617188 0.179688 0.078125
6 0.145508 0.540625 0.181641 0.078125
6 0.143945 0.462500 0.181641 0.078125
6 0.142383 0.384375 0.181641 0.078125
6 0.142187 0.304102 0.187500 0.080078
6 0.138477 0.221289 0.189453 0.080078
6 0.133203 0.140039 0.191406 0.080078
6 0.131250 0.056250 0.187500 0.078125
6 0.343164 0.935547 0.189453 0.074219
6 0.343164 0.862109 0.189453 0.074219
6 0.342614 0.787865 0.194603 0.085105
6 0.340625 0.708789 0.187500 0.080078
6 0.334570 0.625391 0.197266 0.082031
6 0.333594 0.546289 0.195312 0.080078
6 0.332031 0.464453 0.195312 0.082031
6 0.329492 0.384766 0.193359 0.082031
6 0.329102 0.298828 0.189453 0.082031
6 0.326953 0.217578 0.191406 0.082031
6 0.323828 0.134766 0.191406 0.082031
6 0.321094 0.051367 0.195312 0.083984
6 0.621094 0.943750 0.195312 0.078125
6 0.620117 0.865625 0.193359 0.078125
6 0.619141 0.789648 0.191406 0.076172
6 0.617578 0.712500 0.191406 0.078125
6 0.616016 0.644336 0.191406 0.060547
6 0.616992 0.581836 0.193359 0.060547
6 0.610742 0.197266 0.193359 0.097656
6 0.611328 0.112695 0.191406 0.087891
6 0.611719 0.037109 0.195312 0.074219
6 0.814453 0.928711 0.191406 0.076172
6 0.812891 0.855273 0.191406 0.076172
6 0.812305 0.778711 0.193359 0.076172
6 0.809180 0.703711 0.193359 0.076172
6 0.811133 0.635352 0.197266 0.064453
6 0.808008 0.570898 0.197266 0.060547
6 0.805469 0.498828 0.210938 0.082031
6 0.807031 0.417578 0.210938 0.082031
6 0.807031 0.339844 0.210938 0.085938
6 0.808008 0.260547 0.212891 0.089844
6 0.808398 0.178320 0.201172 0.087891
6 0.808984 0.096484 0.199219 0.089844
6 0.808008 0.028320 0.197266 0.056641
