2 0.865625 0.067383 0.234375 0.087891
2 0.860254 0.140625 0.223633 0.078125
2 0.860156 0.210547 0.226562 0.074219
2 0.856543 0.283984 0.225586 0.074219
2 0.855371 0.355859 0.229492 0.074219
2 0.852832 0.427344 0.227539 0.070312
2 0.853223 0.498633 0.231445 0.072266
2 0.849707 0.571094 0.227539 0.070312
2 0.849609 0.641406 0.230469 0.070312
2 0.845605 0.711719 0.225586 0.070312
2 0.804102 0.781055 0.142578 0.068359
2 0.803516 0.848242 0.144531 0.068359
2 0.801465 0.920312 0.143555 0.062500
2 0.794531 0.975977 0.132812 0.048828
2 0.517480 0.028320 0.241211 0.056641
2 0.519336 0.093555 0.248047 0.083984
2 0.518262 0.169336 0.249023 0.076172
2 0.518164 0.245508 0.251953 0.087891
2 0.515234 0.322852 0.246094 0.064453
2 0.521094 0.392578 0.257812 0.082031
2 0.515625 0.467773 0.250000 0.076172
2 0.517578 0.544922 0.253906 0.074219
2 0.517676 0.623437 0.250977 0.078125
2 0.515723 0.700195 0.247070 0.072266
2 0.514062 0.778711 0.250000 0.076172
2 0.512500 0.858398 0.250000 0.076172
2 0.509375 0.935937 0.250000 0.078125
2 0.108691 0.038086 0.192383 0.076172
2 0.106738 0.108203 0.188477 0.082031
2 0.159570 0.220117 0.291016 0.083984
2 0.157520 0.296289 0.290039 0.080078
2 0.153613 0.376953 0.282227 0.082031
2 0.153613 0.451758 0.282227 0.072266
2 0.158594 0.530273 0.289062 0.076172
2 0.157617 0.605859 0.287109 0.074219
2 0.156152 0.681445 0.284180 0.072266
2 0.157129 0.755859 0.286133 0.074219
2 0.156641 0.832422 0.285156 0.074219
2 0.155664 0.903320 0.283203 0.072266
2 0.145898 0.971484 0.263672 0.058594
