2 0.521484 0.384570 0.121094 0.212891
2 0.488867 0.711914 0.177734 0.173828
2 0.538477 0.861328 0.236328 0.269531
2 0.586523 0.512695 0.185547 0.150391
2 0.730273 0.600977 0.216797 0.158203
4 0.801367 0.781250 0.396484 0.437500
2 0.719336 0.704883 0.060547 0.103516
2 0.736133 0.257422 0.197266 0.058594
2 0.890234 0.460352 0.167969 0.251953
3 0.832422 0.330859 0.136719 0.152344
2 0.777148 0.465625 0.076172 0.171875
2 0.827734 0.446875 0.089844 0.125000
4 0.321680 0.653711 0.115234 0.123047
0 0.240820 0.374805 0.384766 0.349609
