5 0.326172 0.094727 0.105469 0.189453
5 0.163086 0.205078 0.216797 0.285156
5 0.514258 0.107422 0.275391 0.214844
5 0.675781 0.092773 0.210938 0.185547
5 0.877539 0.210547 0.220703 0.371094
5 0.691016 0.335352 0.128906 0.392578
5 0.383594 0.292969 0.335938 0.195312
5 0.114258 0.515430 0.228516 0.380859
5 0.267969 0.550391 0.351562 0.394531
5 0.434961 0.705859 0.154297 0.417969
5 0.603125 0.712891 0.296875 0.425781
5 0.850391 0.517969 0.300781 0.414062
5 0.882812 0.655664 0.234375 0.501953
5 0.180664 0.850586 0.361328 0.248047
