2 0.600391 0.858203 0.269531 0.097656
2 0.600000 0.754492 0.265625 0.099609
2 0.595313 0.662109 0.265625 0.089844
2 0.609961 0.574609 0.294922 0.089844
2 0.608984 0.483008 0.292969 0.087891
2 0.608984 0.393359 0.292969 0.089844
2 0.608008 0.292773 0.291016 0.091797
2 0.608008 0.193750 0.291016 0.093750
2 0.608008 0.087500 0.291016 0.093750
2 0.227148 0.937305 0.279297 0.099609
2 0.227148 0.837891 0.279297 0.097656
2 0.230469 0.743750 0.273438 0.093750
2 0.229297 0.652148 0.277344 0.091797
2 0.226172 0.558984 0.277344 0.089844
2 0.226172 0.464648 0.277344 0.091797
2 0.229297 0.370898 0.277344 0.091797
2 0.229102 0.278711 0.267578 0.091797
2 0.196680 0.183398 0.208984 0.091797
2 0.197266 0.082812 0.207031 0.093750
