0 0.158594 0.065625 0.314063 0.131250
0 0.160938 0.193750 0.321875 0.150000
0 0.162500 0.336719 0.325000 0.139063
0 0.160938 0.478906 0.321875 0.154688
0 0.161719 0.637500 0.320312 0.187500
0 0.166406 0.800000 0.329688 0.196875
0 0.168750 0.937500 0.337500 0.125000
0 0.770312 0.493750 0.250000 0.134375
0 0.772656 0.370312 0.226562 0.115625
0 0.767969 0.257031 0.223438 0.107813
0 0.745313 0.144531 0.250000 0.110937
0 0.756250 0.045312 0.218750 0.090625
0 0.805469 0.787500 0.251563 0.115625
0 0.800000 0.889062 0.237500 0.112500
0 0.801562 0.971094 0.243750 0.057813
0 0.492969 0.035156 0.142187 0.054688
0 0.492969 0.084375 0.142187 0.046875
0 0.496094 0.133594 0.129688 0.051562
0 0.497656 0.180469 0.120313 0.051562
0 0.498437 0.225000 0.125000 0.050000
0 0.500781 0.367188 0.126562 0.050000
0 0.500000 0.414844 0.121875 0.054688
0 0.503125 0.472656 0.134375 0.048438
0 0.509375 0.521875 0.131250 0.053125
0 0.514844 0.581250 0.120313 0.065625
0 0.506250 0.724219 0.128125 0.070312
0 0.519531 0.782813 0.139063 0.062500
0 0.508594 0.835938 0.110937 0.046875
0 0.522656 0.878125 0.123438 0.053125
0 0.519531 0.935156 0.126562 0.054688
