5 0.501563 0.091406 0.218750 0.117188
5 0.243555 0.202539 0.240234 0.142578
5 0.117188 0.292578 0.234375 0.175781
5 0.441016 0.253320 0.222656 0.150391
5 0.705078 0.282227 0.097656 0.220703
5 0.787695 0.473633 0.087891 0.228516
5 0.308008 0.417578 0.134766 0.253906
5 0.484961 0.420508 0.248047 0.103516
5 0.572852 0.487109 0.189453 0.089844
5 0.551367 0.567383 0.193359 0.103516
5 0.153906 0.447656 0.257812 0.164062
5 0.177148 0.609375 0.279297 0.171875
5 0.400000 0.635352 0.265625 0.095703
5 0.545508 0.685156 0.197266 0.132812
5 0.730469 0.639062 0.210938 0.125000
5 0.688281 0.811523 0.101562 0.216797
5 0.347461 0.805273 0.107422 0.248047
5 0.189844 0.870898 0.242188 0.138672
5 0.504687 0.832031 0.203125 0.117188
5 0.542969 0.324805 0.210938 0.130859
