1 0.123633 0.832422 0.181641 0.089844
1 0.114258 0.738867 0.228516 0.130859
1 0.338672 0.780859 0.277344 0.199219
1 0.347070 0.921875 0.275391 0.156250
0 0.115234 0.608398 0.230469 0.138672
0 0.116211 0.463672 0.232422 0.152344
0 0.342383 0.437305 0.259766 0.162109
0 0.345117 0.592187 0.255859 0.156250
0 0.801367 0.420898 0.396484 0.279297
0 0.803516 0.698047 0.394531 0.277344
1 0.108398 0.906836 0.216797 0.123047
1 0.785742 0.910156 0.427734 0.179688
0 0.661719 0.641992 0.210938 0.177734
0 0.608398 0.618750 0.185547 0.156250
0 0.653125 0.418750 0.187500 0.234375
0 0.595117 0.437109 0.162109 0.199219
1 0.614062 0.859375 0.234375 0.187500
