5 0.416406 0.308398 0.367188 0.169922
5 0.746875 0.267188 0.296875 0.156250
5 0.376953 0.480859 0.347656 0.261719
5 0.125977 0.441016 0.173828 0.347656
5 0.025391 0.494629 0.050781 0.333008
5 0.267188 0.663672 0.359375 0.136719
5 0.619727 0.525391 0.345703 0.222656
5 0.746484 0.583398 0.308594 0.263672
5 0.909570 0.467578 0.181641 0.207031
5 0.491211 0.839844 0.138672 0.320312
5 0.358203 0.894629 0.128906 0.208008
5 0.211719 0.877246 0.148438 0.245117
5 0.078125 0.885059 0.156250 0.229492
5 0.610352 0.878418 0.142578 0.241211
5 0.774023 0.906250 0.201172 0.187500
5 0.914648 0.782813 0.169922 0.296875
5 0.807617 0.679492 0.302734 0.271484
