5 0.625586 0.250586 0.107422 0.201172
5 0.361914 0.274023 0.111328 0.185547
5 0.296875 0.434375 0.156250 0.187500
5 0.104492 0.542383 0.208984 0.150391
5 0.355078 0.622656 0.207031 0.117188
5 0.484180 0.603125 0.115234 0.203125
5 0.582812 0.532617 0.140625 0.208984
5 0.728516 0.492578 0.207031 0.097656
5 0.706445 0.352148 0.103516 0.201172
5 0.834375 0.253320 0.093750 0.181641
5 0.908789 0.490039 0.126953 0.205078
5 0.742188 0.706641 0.156250 0.207031
5 0.850391 0.799805 0.207031 0.115234
5 0.612695 0.775977 0.134766 0.220703
5 0.499805 0.780078 0.177734 0.207031
