2 0.815039 0.320117 0.111328 0.380859
2 0.710547 0.319141 0.105469 0.378906
2 0.591211 0.320312 0.107422 0.375000
2 0.373437 0.272070 0.109375 0.306641
2 0.267578 0.264062 0.113281 0.312500
2 0.147070 0.269141 0.119141 0.300781
2 0.638281 0.770117 0.101562 0.349609
2 0.305664 0.766016 0.111328 0.332031
2 0.964844 0.781836 0.070312 0.357422
2 0.533008 0.774219 0.103516 0.335938
2 0.421484 0.769141 0.105469 0.332031
2 0.197852 0.759375 0.111328 0.328125
2 0.482422 0.322070 0.105469 0.369141
2 0.749414 0.776172 0.111328 0.355469
