5 0.850586 0.346094 0.107422 0.164062
5 0.612109 0.256641 0.183594 0.082031
5 0.395313 0.326172 0.203125 0.074219
5 0.271875 0.378906 0.218750 0.085938
5 0.303711 0.467578 0.232422 0.097656
5 0.449609 0.455078 0.121094 0.160156
5 0.627344 0.451562 0.257812 0.062500
5 0.670898 0.379688 0.201172 0.093750
5 0.567969 0.337891 0.195312 0.097656
5 0.312891 0.567187 0.269531 0.140625
5 0.523242 0.594727 0.333984 0.111328
5 0.305469 0.789062 0.273438 0.156250
5 0.493164 0.757422 0.126953 0.230469
5 0.703125 0.783594 0.281250 0.164062
5 0.685937 0.924707 0.296875 0.149414
5 0.952539 0.778320 0.095703 0.275391
5 0.734180 0.648242 0.255859 0.099609
5 0.721289 0.541406 0.236328 0.101562
5 0.734766 0.491992 0.222656 0.083984
5 0.948633 0.469336 0.103516 0.201172
5 0.906836 0.618945 0.185547 0.103516
