0 0.898047 0.700195 0.105469 0.259766
0 0.812891 0.702148 0.097656 0.263672
0 0.726562 0.702148 0.093750 0.263672
0 0.640625 0.685156 0.093750 0.226562
0 0.391992 0.890625 0.083984 0.218750
0 0.304297 0.893359 0.089844 0.214844
0 0.224023 0.893945 0.091797 0.212891
0 0.377344 0.673438 0.085938 0.218750
0 0.292383 0.681445 0.087891 0.228516
0 0.207422 0.678125 0.089844 0.218750
0 0.121875 0.679688 0.093750 0.218750
0 0.042969 0.680664 0.085938 0.220703
0 0.953125 0.135547 0.093750 0.167969
0 0.867188 0.130273 0.093750 0.169922
0 0.778906 0.131641 0.085938 0.175781
0 0.691016 0.127930 0.082031 0.177734
0 0.612109 0.122852 0.074219 0.173828
0 0.533008 0.125000 0.072266 0.171875
0 0.458008 0.119141 0.072266 0.175781
0 0.382422 0.115039 0.074219 0.173828
0 0.299219 0.107813 0.085938 0.171875
0 0.211719 0.109375 0.085938 0.171875
0 0.113672 0.100977 0.089844 0.173828
0 0.034180 0.101953 0.068359 0.175781
