3 0.146094 0.180469 0.195312 0.226562
3 0.440039 0.163477 0.236328 0.158203
3 0.586719 0.312891 0.179688 0.238281
3 0.845508 0.193359 0.244141 0.199219
3 0.874414 0.464258 0.142578 0.244141
3 0.703906 0.531641 0.132812 0.238281
3 0.453711 0.611719 0.201172 0.226562
3 0.350586 0.407227 0.201172 0.220703
3 0.102539 0.461523 0.205078 0.216797
3 0.254492 0.557031 0.193359 0.226562
3 0.170703 0.791406 0.160156 0.242188
3 0.342578 0.871875 0.175781 0.250000
3 0.582812 0.814063 0.171875 0.250000
3 0.683594 0.886133 0.210938 0.228516
3 0.863281 0.756641 0.242188 0.222656
