2 0.813086 0.116211 0.341797 0.232422
2 0.933008 0.137109 0.134766 0.214844
2 0.844336 0.312305 0.279297 0.240234
2 0.818750 0.522266 0.187500 0.238281
2 0.700000 0.800195 0.359375 0.400391
2 0.689453 0.644336 0.144531 0.201172
2 0.382812 0.865234 0.218750 0.199219
2 0.587695 0.082031 0.259766 0.164062
2 0.588672 0.240234 0.167969 0.277344
2 0.353125 0.252930 0.187500 0.505859
2 0.209375 0.149414 0.171875 0.298828
2 0.143555 0.374414 0.287109 0.392578
2 0.347266 0.627734 0.207031 0.230469
2 0.165039 0.734375 0.330078 0.531250
2 0.964844 0.315039 0.070312 0.189453
3 0.574609 0.496680 0.308594 0.255859
3 0.447852 0.722266 0.345703 0.238281
4 0.096680 0.089844 0.193359 0.179688
