6 0.247461 0.925781 0.310547 0.117188
6 0.248047 0.809180 0.308594 0.115234
6 0.249023 0.695117 0.310547 0.115234
6 0.249023 0.578906 0.310547 0.117188
6 0.665332 0.736914 0.102539 0.298828
6 0.565039 0.732422 0.095703 0.277344
6 0.772363 0.744531 0.110352 0.320312
6 0.907227 0.750000 0.158203 0.343750
6 0.757910 0.442383 0.293945 0.103516
6 0.760254 0.334961 0.301758 0.107422
6 0.763672 0.225977 0.308594 0.111328
6 0.766504 0.099414 0.317383 0.142578
6 0.095262 0.254519 0.162398 0.349662
6 0.229591 0.261952 0.118558 0.320780
6 0.337037 0.267509 0.108450 0.300644
6 0.435420 0.274456 0.098966 0.277037
