6 0.684375 0.191406 0.140625 0.364063
6 0.814844 0.198437 0.135937 0.362500
6 0.920312 0.199219 0.121875 0.370312
6 0.907031 0.539844 0.098437 0.326562
6 0.804688 0.527344 0.109375 0.323437
6 0.689063 0.547656 0.112500 0.345313
6 0.914062 0.828906 0.109375 0.342187
6 0.824219 0.842969 0.110937 0.314063
6 0.689844 0.824219 0.132812 0.332813
6 0.546875 0.205469 0.159375 0.329688
6 0.557031 0.536719 0.145313 0.351562
6 0.558594 0.833594 0.135937 0.298438
6 0.407031 0.192969 0.179688 0.323437
6 0.421094 0.533594 0.154688 0.367188
6 0.411719 0.846094 0.123438 0.307812
6 0.271094 0.210938 0.154688 0.346875
6 0.131250 0.217969 0.131250 0.335938
6 0.550781 0.543750 0.164062 0.340625
6 0.415625 0.527344 0.156250 0.339062
6 0.282813 0.527344 0.146875 0.339062
6 0.141406 0.547656 0.151562 0.345313
6 0.560937 0.837500 0.134375 0.306250
6 0.430469 0.845313 0.145313 0.278125
6 0.288281 0.859375 0.123438 0.281250
6 0.158594 0.850781 0.154688 0.298438
