5 0.821680 0.783008 0.302734 0.337891
5 0.600195 0.838672 0.353516 0.183594
5 0.274023 0.790625 0.357422 0.281250
5 0.131836 0.677539 0.263672 0.189453
5 0.350000 0.498633 0.218750 0.291016
5 0.544531 0.547852 0.164062 0.298828
5 0.666406 0.529687 0.132812 0.281250
5 0.834375 0.549609 0.250000 0.292969
5 0.806055 0.346680 0.208984 0.146484
5 0.615039 0.354883 0.236328 0.134766
5 0.294922 0.406055 0.246094 0.193359
5 0.129883 0.431641 0.259766 0.269531
5 0.527344 0.293359 0.242188 0.105469
5 0.513672 0.188867 0.230469 0.099609
5 0.276172 0.268359 0.261719 0.105469
