5 0.674414 0.183203 0.470703 0.253906
5 0.683203 0.390625 0.347656 0.140625
5 0.755859 0.700781 0.152344 0.429688
5 0.443164 0.862305 0.314453 0.208984
5 0.526367 0.777734 0.318359 0.152344
5 0.458594 0.605859 0.242188 0.199219
5 0.535156 0.497852 0.273438 0.173828
5 0.435547 0.333008 0.230469 0.228516
5 0.363281 0.195703 0.210938 0.316406
5 0.296680 0.708984 0.177734 0.246094
5 0.259375 0.593555 0.171875 0.240234
5 0.264648 0.348242 0.076172 0.287109
5 0.151172 0.646094 0.152344 0.289062
5 0.170508 0.531641 0.072266 0.238281
5 0.172461 0.326562 0.091797 0.281250
5 0.111328 0.322852 0.066406 0.251953
