4 0.159766 0.784180 0.191406 0.349609
4 0.259570 0.586914 0.462891 0.173828
4 0.326758 0.814258 0.150391 0.306641
4 0.086914 0.258594 0.173828 0.460938
4 0.315234 0.326172 0.308594 0.152344
4 0.284766 0.158789 0.347656 0.189453
4 0.715430 0.159180 0.349609 0.193359
4 0.914062 0.259180 0.171875 0.458984
4 0.574805 0.216211 0.115234 0.060547
4 0.687109 0.326172 0.308594 0.152344
4 0.714941 0.840430 0.348633 0.193359
4 0.574219 0.784961 0.117188 0.060547
4 0.687109 0.674609 0.308594 0.152344
4 0.914062 0.742969 0.171875 0.460938
