0 0.183398 0.367676 0.123047 0.297852
0 0.300586 0.369727 0.107422 0.298828
0 0.405273 0.380273 0.107422 0.326172
0 0.538086 0.369238 0.107422 0.297852
0 0.640430 0.377344 0.099609 0.320312
0 0.753711 0.377344 0.107422 0.320312
0 0.857422 0.367285 0.121094 0.293945
0 0.948047 0.375391 0.105469 0.316406
0 0.875391 0.795215 0.113281 0.284180
0 0.624414 0.777734 0.095703 0.324219
0 0.529687 0.777637 0.093750 0.327148
0 0.405273 0.778711 0.091797 0.326172
0 0.299219 0.779687 0.101562 0.328125
0 0.186523 0.779199 0.107422 0.327148
