6 0.831250 0.142969 0.150000 0.201563
6 0.815625 0.350781 0.156250 0.189062
6 0.814844 0.532813 0.195312 0.218750
6 0.832031 0.723437 0.170313 0.203125
6 0.846094 0.910937 0.176563 0.178125
6 0.702344 0.916406 0.139063 0.167187
6 0.684375 0.717969 0.178125 0.189062
6 0.696094 0.521094 0.135937 0.170313
6 0.683594 0.351562 0.164062 0.184375
6 0.677344 0.168750 0.129688 0.200000
6 0.835938 0.035156 0.156250 0.067187
6 0.691406 0.037500 0.120313 0.075000
6 0.540625 0.049219 0.143750 0.095312
6 0.539062 0.199219 0.146875 0.198437
6 0.518750 0.371094 0.118750 0.189062
6 0.536719 0.535937 0.142187 0.178125
6 0.528125 0.717187 0.125000 0.209375
6 0.553125 0.896875 0.181250 0.181250
6 0.267969 0.885938 0.423438 0.175000
6 0.261719 0.725000 0.404687 0.143750
6 0.257031 0.545312 0.395313 0.159375
6 0.251563 0.367188 0.418750 0.159375
6 0.262500 0.183594 0.428125 0.154688
6 0.250781 0.057031 0.404687 0.110937
