1 0.709961 0.859961 0.185547 0.138672
1 0.713672 0.728906 0.183594 0.132812
1 0.716211 0.599609 0.185547 0.136719
1 0.714844 0.473242 0.164062 0.115234
1 0.473633 0.361133 0.166016 0.119141
1 0.473242 0.238086 0.162109 0.123047
1 0.469141 0.122852 0.160156 0.126953
1 0.469336 0.040039 0.169922 0.080078
1 0.485352 0.488086 0.158203 0.107422
1 0.473242 0.595508 0.162109 0.119141
1 0.483398 0.729883 0.154297 0.134766
1 0.470508 0.838867 0.166016 0.130859
1 0.262305 0.359961 0.146484 0.107422
1 0.258398 0.255664 0.154297 0.111328
1 0.262695 0.144336 0.150391 0.107422
1 0.261133 0.049805 0.150391 0.099609
1 0.256250 0.480859 0.140625 0.121094
1 0.257617 0.591797 0.146484 0.121094
1 0.246680 0.705469 0.146484 0.117188
1 0.251953 0.822852 0.144531 0.126953
1 0.073828 0.077148 0.128906 0.107422
1 0.072266 0.174414 0.128906 0.111328
1 0.071094 0.273438 0.132812 0.109375
1 0.074023 0.377930 0.123047 0.099609
1 0.068359 0.488281 0.121094 0.117188
1 0.062500 0.599414 0.125000 0.111328
1 0.068359 0.688867 0.121094 0.115234
1 0.067187 0.809180 0.125000 0.115234
1 0.471094 0.957031 0.164062 0.085938
1 0.260742 0.936914 0.146484 0.126953
1 0.065430 0.938086 0.130859 0.123047
1 0.702734 0.117969 0.152344 0.164062
1 0.705664 0.242188 0.158203 0.140625
1 0.941406 0.120898 0.117188 0.169922
1 0.968750 0.303125 0.062500 0.156250
1 0.945312 0.482422 0.109375 0.167969
1 0.945898 0.646289 0.107422 0.173828
1 0.948047 0.818359 0.105469 0.183594
