6 0.257617 0.253320 0.146484 0.447266
6 0.801758 0.304688 0.134766 0.296875
6 0.682031 0.293359 0.117188 0.292969
6 0.570703 0.283203 0.113281 0.285156
6 0.919922 0.233301 0.136719 0.297852
6 0.806543 0.116016 0.131836 0.082031
6 0.696777 0.108301 0.127930 0.079102
6 0.587207 0.101074 0.118164 0.077148
6 0.117188 0.766113 0.171875 0.344727
6 0.269336 0.762305 0.154297 0.349609
6 0.422461 0.760156 0.154297 0.351562
6 0.581836 0.769922 0.123047 0.277344
6 0.696680 0.768555 0.115234 0.271484
6 0.811133 0.767969 0.119141 0.273438
6 0.924609 0.766992 0.121094 0.271484
