3 0.931055 0.125391 0.115234 0.097656
2 0.608789 0.876758 0.158203 0.119141
2 0.141016 0.809180 0.269531 0.115234
2 0.109375 0.697852 0.187500 0.142578
2 0.288672 0.861328 0.214844 0.238281
2 0.269336 0.696289 0.294922 0.111328
2 0.504492 0.687891 0.193359 0.253906
2 0.305664 0.568945 0.158203 0.103516
2 0.409570 0.533008 0.134766 0.087891
2 0.684961 0.674805 0.107422 0.271484
2 0.589844 0.652344 0.132812 0.101562
2 0.603320 0.475000 0.275391 0.109375
2 0.676172 0.360938 0.105469 0.125000
2 0.662891 0.509375 0.160156 0.187500
2 0.350000 0.431055 0.312500 0.177734
2 0.318359 0.371484 0.167969 0.105469
2 0.152930 0.351953 0.083984 0.191406
2 0.188867 0.204883 0.255859 0.087891
2 0.281250 0.158984 0.156250 0.246094
2 0.645898 0.152344 0.248047 0.304688
2 0.543359 0.142187 0.121094 0.218750
2 0.393945 0.086523 0.166016 0.154297
2 0.176367 0.105859 0.146484 0.136719
4 0.498828 0.311133 0.144531 0.181641
2 0.370703 0.941406 0.128906 0.117188
6 0.390234 0.275000 0.074219 0.093750
