6 0.381445 0.757617 0.275391 0.130859
6 0.378906 0.645508 0.273438 0.119141
6 0.378906 0.519531 0.273438 0.132812
6 0.376758 0.406250 0.275391 0.125000
6 0.369531 0.290039 0.257812 0.111328
6 0.368945 0.181445 0.259766 0.119141
6 0.366797 0.067969 0.261719 0.117188
6 0.666797 0.764062 0.292969 0.125000
6 0.665625 0.643945 0.296875 0.119141
6 0.666602 0.522070 0.298828 0.119141
6 0.665430 0.399414 0.302734 0.126953
6 0.638672 0.291016 0.277344 0.113281
6 0.638672 0.175586 0.277344 0.123047
6 0.638086 0.062500 0.279297 0.125000
6 0.391016 0.930273 0.285156 0.138672
6 0.667969 0.925781 0.273438 0.148438
