5 0.379492 0.157812 0.287109 0.203125
5 0.719336 0.088477 0.279297 0.095703
5 0.511719 0.191406 0.257812 0.117188
5 0.705859 0.216406 0.277344 0.117188
5 0.678320 0.352344 0.259766 0.085938
5 0.453125 0.342383 0.234375 0.212891
5 0.353125 0.384766 0.234375 0.207031
5 0.788477 0.512109 0.236328 0.230469
5 0.672656 0.552539 0.164062 0.267578
5 0.296680 0.551758 0.083984 0.275391
5 0.389062 0.635156 0.093750 0.242188
5 0.486133 0.563086 0.119141 0.248047
5 0.569336 0.640039 0.107422 0.251953
5 0.637695 0.759375 0.087891 0.265625
5 0.774414 0.767969 0.189453 0.289062
5 0.462500 0.816016 0.234375 0.082031
