3 0.441016 0.166504 0.394531 0.317383
3 0.386133 0.410938 0.431641 0.234375
3 0.098633 0.241699 0.197266 0.280273
3 0.164062 0.085449 0.187500 0.139648
3 0.794238 0.276367 0.297852 0.240234
3 0.701758 0.272559 0.259766 0.245117
3 0.775195 0.468848 0.337891 0.200195
3 0.829102 0.643848 0.267578 0.168945
3 0.536133 0.676855 0.306641 0.334961
3 0.236328 0.815234 0.472656 0.292969
3 0.463867 0.532520 0.318359 0.227539
3 0.874414 0.835059 0.251953 0.245117
3 0.731250 0.929199 0.359375 0.139648
3 0.149414 0.571582 0.298828 0.196289
3 0.199219 0.666895 0.398438 0.102539
