0 0.264453 0.104297 0.332031 0.167969
0 0.128711 0.321680 0.107422 0.240234
0 0.255664 0.334863 0.111328 0.282227
0 0.782617 0.086035 0.333984 0.168945
0 0.744727 0.323242 0.142578 0.287109
0 0.641406 0.293457 0.101562 0.243164
0 0.139063 0.844238 0.093750 0.250977
0 0.250977 0.848633 0.095703 0.275391
0 0.653711 0.847070 0.091797 0.259766
0 0.759375 0.842578 0.093750 0.285156
0 0.258789 0.612695 0.408203 0.181641
0 0.778906 0.600879 0.382812 0.176758
2 0.386328 0.305176 0.113281 0.235352
2 0.904297 0.310645 0.089844 0.258789
2 0.870703 0.827148 0.097656 0.248047
2 0.362109 0.844531 0.074219 0.242188
