4 0.102627 0.900293 0.202130 0.147461
4 0.352539 0.652246 0.564453 0.448242
4 0.107510 0.636719 0.211895 0.382812
4 0.520312 0.474219 0.406250 0.445312
4 0.835938 0.520605 0.328125 0.319336
4 0.782227 0.707910 0.283203 0.106445
4 0.756445 0.359961 0.322266 0.373047
4 0.902930 0.208105 0.193359 0.413086
4 0.680664 0.142578 0.330078 0.285156
4 0.770508 0.142578 0.150391 0.285156
4 0.437305 0.216895 0.349609 0.430664
4 0.324219 0.166113 0.210938 0.329102
4 0.139453 0.294531 0.269531 0.507812
4 0.133389 0.104004 0.263653 0.208008
4 0.957617 0.717871 0.083984 0.276367
4 0.052344 0.521387 0.101562 0.170898
