0 0.239258 0.825586 0.322266 0.107422
0 0.239258 0.721094 0.322266 0.101562
0 0.234961 0.628320 0.326172 0.103516
0 0.257617 0.537109 0.287109 0.089844
0 0.256641 0.445898 0.285156 0.091797
0 0.256250 0.358203 0.281250 0.082031
0 0.255859 0.269336 0.277344 0.091797
0 0.250391 0.188281 0.285156 0.070312
0 0.232422 0.099609 0.230469 0.089844
0 0.230273 0.029297 0.232422 0.058594
0 0.760352 0.938477 0.283203 0.111328
0 0.767578 0.836328 0.285156 0.097656
0 0.776367 0.755273 0.287109 0.107422
0 0.770508 0.654297 0.291016 0.105469
0 0.766406 0.554492 0.289062 0.099609
0 0.767969 0.451172 0.289062 0.105469
0 0.746680 0.324805 0.271484 0.099609
0 0.766016 0.191797 0.285156 0.105469
0 0.677148 0.062500 0.451172 0.125000
