4 0.530928 0.326962 0.202481 0.169548
2 0.261809 0.064234 0.129869 0.128467
3 0.638672 0.454492 0.167969 0.224609
6 0.571680 0.568945 0.068359 0.087891
4 0.925195 0.898438 0.150391 0.203125
4 0.276953 0.693359 0.207031 0.152344
4 0.295703 0.548438 0.066406 0.125000
4 0.396484 0.595117 0.167969 0.177734
4 0.163477 0.247070 0.142578 0.134766
4 0.097461 0.111133 0.154297 0.103516
1 0.328711 0.583594 0.076172 0.085938
4 0.420508 0.127930 0.306641 0.255859
6 0.401172 0.288477 0.105469 0.048828
4 0.341211 0.969336 0.107422 0.060547
4 0.410156 0.948633 0.242188 0.103516
1 0.594727 0.777344 0.283203 0.445312
4 0.441797 0.844336 0.089844 0.154297
4 0.539062 0.461914 0.078125 0.095703
4 0.546289 0.240625 0.173828 0.109375
4 0.666016 0.284570 0.191406 0.134766
4 0.672656 0.135352 0.257812 0.189453
4 0.901172 0.110352 0.199219 0.220703
4 0.894531 0.477539 0.210938 0.173828
6 0.577148 0.097461 0.060547 0.076172
4 0.490234 0.496094 0.105469 0.132812
4 0.497461 0.622852 0.076172 0.095703
2 0.752539 0.596680 0.158203 0.146484
4 0.751953 0.342383 0.097656 0.087891
4 0.145117 0.829688 0.068359 0.093750
4 0.265234 0.827930 0.058594 0.083984
4 0.463281 0.684180 0.085938 0.083984
