0 0.803993 0.642287 0.142361 0.365823
0 0.801172 0.812305 0.121094 0.037109
0 0.806055 0.763281 0.130859 0.039062
0 0.765234 0.362891 0.058594 0.128906
0 0.259995 0.649777 0.157491 0.368303
0 0.446875 0.634945 0.156250 0.404266
0 0.623412 0.638045 0.162450 0.410466
0 0.826265 0.371007 0.074405 0.138889
0 0.719742 0.368849 0.064484 0.131448
0 0.150065 0.630654 0.050130 0.380058
0 0.533594 0.360156 0.070312 0.139063
0 0.457813 0.358594 0.065625 0.142187
0 0.389844 0.356250 0.067187 0.143750
0 0.325781 0.357812 0.070312 0.156250
