0 0.216602 0.227930 0.126953 0.380859
0 0.333008 0.229492 0.119141 0.380859
0 0.438867 0.228906 0.115234 0.382812
0 0.542969 0.253516 0.101562 0.332031
0 0.649219 0.255664 0.117188 0.330078
0 0.747852 0.254688 0.095703 0.328125
0 0.855273 0.251563 0.123047 0.328125
0 0.940430 0.250977 0.099609 0.330078
5 0.034180 0.743945 0.068359 0.291016
0 0.130469 0.761719 0.117188 0.273438
0 0.233203 0.773242 0.097656 0.271484
0 0.318164 0.787109 0.111328 0.277344
0 0.416797 0.783789 0.105469 0.283203
0 0.516016 0.777734 0.097656 0.277344
0 0.622461 0.783789 0.107422 0.283203
0 0.750000 0.750586 0.109375 0.263672
0 0.890625 0.785547 0.125000 0.277344
