0 0.120898 0.653125 0.107422 0.093750
0 0.177734 0.639551 0.089844 0.094727
0 0.306440 0.788876 0.278505 0.421502
0 0.237695 0.627344 0.072266 0.101562
0 0.298438 0.613086 0.062500 0.107422
0 0.581055 0.897559 0.162109 0.166992
0 0.839453 0.945410 0.097656 0.106445
0 0.133789 0.175879 0.095703 0.083008
0 0.258308 0.292097 0.182241 0.390444
0 0.183203 0.165332 0.066406 0.086914
0 0.639453 0.170508 0.097656 0.087891
0 0.695312 0.160059 0.078125 0.088867
0 0.800764 0.741686 0.398403 0.430247
0 0.774920 0.317915 0.174841 0.367080
