1 0.268750 0.796875 0.265625 0.215625
1 0.369531 0.583594 0.239063 0.189062
1 0.342969 0.363281 0.279687 0.210938
1 0.345313 0.064844 0.253125 0.126562
1 0.624219 0.950781 0.170313 0.098437
1 0.568750 0.864062 0.250000 0.115625
1 0.565625 0.765625 0.315625 0.156250
1 0.602344 0.500000 0.264062 0.203125
1 0.624219 0.161719 0.317188 0.220312
1 0.650000 0.321875 0.231250 0.146875
1 0.918750 0.217188 0.162500 0.190625
1 0.890625 0.475000 0.218750 0.268750
1 0.881250 0.673438 0.237500 0.225000
1 0.858594 0.920312 0.282813 0.159375
