6 0.276953 0.106836 0.332031 0.138672
6 0.258594 0.229883 0.367188 0.119141
6 0.260742 0.347266 0.365234 0.113281
6 0.288672 0.456641 0.308594 0.113281
6 0.288086 0.575781 0.310547 0.117188
6 0.288672 0.693945 0.308594 0.119141
6 0.283594 0.816992 0.320312 0.130859
6 0.592187 0.878516 0.171875 0.082031
6 0.591211 0.797266 0.169922 0.082031
6 0.591211 0.714453 0.169922 0.082031
6 0.766211 0.718555 0.185547 0.083984
6 0.769922 0.799414 0.183594 0.080078
6 0.770898 0.878516 0.185547 0.082031
6 0.675195 0.604297 0.369141 0.121094
6 0.681055 0.482031 0.349609 0.117188
6 0.676562 0.364258 0.343750 0.119141
6 0.676562 0.250781 0.343750 0.117188
6 0.676562 0.128516 0.343750 0.128906
6 0.280859 0.952539 0.324219 0.095703
