1 0.565234 0.533789 0.058594 0.126953
1 0.094141 0.096680 0.113281 0.193359
1 0.198242 0.096680 0.099609 0.193359
1 0.332422 0.097656 0.152344 0.195312
1 0.495117 0.098633 0.177734 0.197266
1 0.631836 0.097656 0.123047 0.195312
1 0.746094 0.093750 0.117188 0.187500
1 0.843555 0.096680 0.115234 0.193359
1 0.941992 0.095703 0.115234 0.191406
1 0.044922 0.334375 0.089844 0.203125
1 0.176172 0.336719 0.105469 0.210938
1 0.242773 0.334766 0.044922 0.207031
1 0.113867 0.334375 0.052734 0.203125
1 0.311328 0.331641 0.097656 0.207031
1 0.272070 0.375391 0.025391 0.113281
1 0.412500 0.335547 0.156250 0.214844
1 0.534570 0.334961 0.087891 0.201172
1 0.606055 0.332422 0.068359 0.199219
1 0.044922 0.524414 0.089844 0.111328
1 0.151367 0.524414 0.099609 0.111328
1 0.262500 0.554688 0.078125 0.156250
1 0.353906 0.553516 0.101562 0.160156
1 0.053711 0.751563 0.107422 0.156250
1 0.154297 0.744727 0.089844 0.142578
1 0.245117 0.746680 0.099609 0.146484
1 0.355469 0.753320 0.148438 0.166016
1 0.029297 0.932422 0.058594 0.136719
1 0.098437 0.930273 0.093750 0.138672
1 0.180469 0.929688 0.101562 0.140625
1 0.292773 0.929102 0.123047 0.142578
1 0.410938 0.929102 0.125000 0.142578
1 0.514453 0.929102 0.113281 0.142578
1 0.616211 0.926367 0.123047 0.146484
1 0.747852 0.926367 0.142578 0.146484
1 0.818164 0.333398 0.064453 0.201172
1 0.925195 0.335352 0.150391 0.205078
1 0.881445 0.925195 0.119141 0.150391
1 0.972070 0.925195 0.056641 0.150391
1 0.480859 0.746484 0.121094 0.152344
1 0.574219 0.747461 0.101562 0.154297
1 0.681250 0.718555 0.125000 0.099609
1 0.752344 0.724609 0.085938 0.105469
1 0.829688 0.717187 0.078125 0.093750
1 0.900195 0.715234 0.072266 0.089844
1 0.914062 0.516211 0.140625 0.091797
1 0.801562 0.546289 0.078125 0.158203
1 0.705664 0.528320 0.158203 0.119141
1 0.605469 0.532813 0.039062 0.125000
1 0.488281 0.535742 0.101562 0.130859
