2 0.905273 0.338281 0.138672 0.382812
2 0.801758 0.336328 0.119141 0.378906
2 0.701562 0.315234 0.125000 0.417969
2 0.595508 0.311133 0.119141 0.416016
2 0.490039 0.309180 0.111328 0.412109
2 0.376367 0.303320 0.115234 0.416016
2 0.278320 0.327148 0.103516 0.357422
2 0.187305 0.322852 0.115234 0.361328
2 0.085547 0.323633 0.121094 0.353516
2 0.824219 0.774219 0.101562 0.257812
2 0.250391 0.728906 0.097656 0.289062
2 0.156641 0.724609 0.097656 0.292969
2 0.064453 0.717187 0.097656 0.296875
2 0.350000 0.733008 0.093750 0.291016
2 0.459766 0.739844 0.097656 0.289062
2 0.554102 0.743945 0.095703 0.291016
2 0.641211 0.765430 0.091797 0.255859
2 0.732812 0.768555 0.093750 0.255859
