0 0.820215 0.095703 0.252930 0.175781
0 0.826074 0.240234 0.264648 0.121094
0 0.839648 0.412109 0.310547 0.152344
0 0.848730 0.611328 0.303711 0.175781
0 0.833691 0.738281 0.286133 0.132812
0 0.793359 0.898828 0.324219 0.175781
0 0.609082 0.698242 0.196289 0.318359
0 0.260156 0.091211 0.226562 0.154297
0 0.299512 0.256641 0.217773 0.128906
0 0.338574 0.408203 0.233398 0.175781
0 0.120117 0.290430 0.162109 0.302734
0 0.328906 0.607812 0.242188 0.171875
0 0.311426 0.731250 0.250977 0.156250
0 0.323926 0.911914 0.313477 0.173828
0 0.120996 0.725586 0.182617 0.326172
