3 0.170898 0.150781 0.123047 0.117188
3 0.300098 0.150293 0.122070 0.116211
3 0.118945 0.254688 0.119141 0.125000
3 0.243164 0.256152 0.111328 0.127930
3 0.374023 0.257617 0.123047 0.130859
3 0.436133 0.358398 0.119141 0.138672
3 0.311914 0.361426 0.111328 0.141602
3 0.187891 0.358887 0.113281 0.139648
3 0.067969 0.355859 0.117188 0.136719
3 0.151953 0.800879 0.222656 0.270508
3 0.365820 0.792383 0.212891 0.291016
3 0.625977 0.091602 0.205078 0.158203
3 0.872656 0.087695 0.242188 0.150391
3 0.626563 0.253320 0.203125 0.166016
3 0.882422 0.235840 0.230469 0.143555
3 0.626367 0.408496 0.177734 0.135742
3 0.877734 0.396875 0.246094 0.140625
3 0.575195 0.677344 0.150391 0.273438
3 0.659180 0.777832 0.162109 0.211914
3 0.738867 0.848145 0.177734 0.227539
3 0.845508 0.773730 0.166016 0.225586
3 0.924609 0.668945 0.152344 0.291016
3 0.752344 0.635156 0.148438 0.195312
