2 0.028320 0.141895 0.056641 0.227539
2 0.090234 0.144531 0.074219 0.226562
2 0.161719 0.144824 0.070312 0.233398
2 0.232031 0.147559 0.070312 0.229492
2 0.303320 0.147461 0.072266 0.232422
2 0.375781 0.151758 0.070312 0.228516
2 0.441992 0.194141 0.068359 0.144531
2 0.512305 0.195703 0.068359 0.144531
2 0.579688 0.196289 0.062500 0.142578
2 0.646289 0.203906 0.064453 0.132812
2 0.714258 0.202734 0.072266 0.136719
2 0.784766 0.203125 0.066406 0.140625
2 0.852148 0.205371 0.060547 0.135742
2 0.916016 0.211230 0.066406 0.131836
2 0.973242 0.211230 0.052734 0.131836
2 0.055664 0.477344 0.080078 0.257812
2 0.131836 0.482812 0.076172 0.250000
2 0.208398 0.480078 0.076172 0.253906
2 0.286914 0.482227 0.080078 0.251953
2 0.364648 0.483789 0.076172 0.251953
2 0.443750 0.484375 0.078125 0.250000
2 0.521875 0.485449 0.078125 0.249023
2 0.600000 0.487598 0.078125 0.247070
2 0.677539 0.488672 0.080078 0.246094
2 0.752539 0.490820 0.080078 0.244141
2 0.831445 0.490723 0.087891 0.247070
2 0.906250 0.495508 0.078125 0.244141
2 0.971484 0.495605 0.058594 0.241211
2 0.041016 0.843262 0.082031 0.280273
2 0.116992 0.843750 0.068359 0.281250
2 0.194336 0.839258 0.076172 0.291016
2 0.269336 0.840430 0.076172 0.287109
2 0.342383 0.839941 0.072266 0.286133
2 0.418359 0.839941 0.074219 0.286133
2 0.494922 0.840430 0.074219 0.287109
2 0.567383 0.842578 0.072266 0.285156
2 0.642383 0.851660 0.072266 0.262695
2 0.718555 0.850684 0.068359 0.260742
2 0.789648 0.852344 0.076172 0.257812
2 0.868945 0.852344 0.072266 0.257812
2 0.934570 0.853516 0.072266 0.253906
2 0.980469 0.852441 0.039062 0.254883
