5 0.291992 0.229492 0.427734 0.130859
5 0.276953 0.441992 0.394531 0.146484
5 0.290820 0.619531 0.416016 0.132812
5 0.283008 0.834570 0.400391 0.166016
5 0.423633 0.765234 0.400391 0.152344
5 0.482812 0.679102 0.359375 0.142578
5 0.430469 0.537500 0.414062 0.125000
5 0.425391 0.363086 0.410156 0.138672
5 0.426758 0.125586 0.416016 0.154297
5 0.470313 0.241602 0.421875 0.173828
5 0.576953 0.454492 0.207031 0.130859
5 0.568359 0.876953 0.199219 0.144531
5 0.709766 0.170898 0.144531 0.123047
5 0.723633 0.275000 0.181641 0.140625
5 0.744922 0.450977 0.136719 0.126953
5 0.696289 0.536133 0.142578 0.119141
5 0.722070 0.646289 0.166016 0.126953
5 0.682617 0.795898 0.130859 0.123047
5 0.734375 0.842578 0.140625 0.128906
5 0.778125 0.761133 0.234375 0.134766
5 0.826172 0.582617 0.136719 0.130859
5 0.872656 0.465625 0.132812 0.125000
5 0.764648 0.331445 0.263672 0.134766
5 0.836914 0.187109 0.126953 0.136719
5 0.876563 0.268359 0.125000 0.136719
5 0.869141 0.624023 0.128906 0.123047
5 0.866211 0.823047 0.123047 0.121094
