6 0.110742 0.275391 0.162109 0.285156
6 0.263477 0.276367 0.158203 0.287109
6 0.415625 0.280078 0.156250 0.285156
6 0.563281 0.288477 0.117188 0.267578
6 0.679492 0.287500 0.115234 0.265625
6 0.795703 0.288086 0.113281 0.263672
6 0.905273 0.288672 0.107422 0.261719
6 0.167578 0.722461 0.113281 0.294922
6 0.287695 0.723437 0.134766 0.296875
6 0.418945 0.720703 0.119141 0.300781
6 0.534766 0.723437 0.113281 0.296875
6 0.651367 0.722266 0.115234 0.300781
6 0.776758 0.721094 0.134766 0.304688
6 0.892383 0.720508 0.134766 0.306641
6 0.967578 0.718164 0.066406 0.298828
