4 0.482227 0.495801 0.642578 0.579102
4 0.613086 0.720605 0.326172 0.225586
4 0.819727 0.425879 0.361328 0.442383
4 0.596484 0.362109 0.371094 0.386719
4 0.390234 0.271289 0.292969 0.205078
4 0.096680 0.459668 0.193359 0.303711
4 0.166016 0.680078 0.332031 0.191406
4 0.221680 0.792090 0.443359 0.081055
4 0.901172 0.246777 0.199219 0.159180
4 0.878906 0.722852 0.242188 0.220703
4 0.455859 0.477441 0.371094 0.254883
4 0.303613 0.217969 0.141602 0.101562
4 0.360156 0.760449 0.257812 0.139648
4 0.640625 0.809375 0.187500 0.046875
4 0.110352 0.253125 0.220703 0.171875
