6 0.377734 0.106445 0.261719 0.119141
6 0.378711 0.222070 0.263672 0.119141
6 0.379688 0.337695 0.265625 0.119141
6 0.380664 0.451758 0.267578 0.119141
6 0.654883 0.091797 0.291016 0.121094
6 0.654883 0.209961 0.291016 0.123047
6 0.658594 0.327148 0.289062 0.123047
6 0.658594 0.443359 0.289062 0.121094
6 0.662500 0.565234 0.296875 0.121094
6 0.378516 0.573633 0.269531 0.119141
6 0.377930 0.693945 0.271484 0.119141
6 0.665039 0.689063 0.298828 0.125000
6 0.378320 0.817773 0.275391 0.123047
6 0.667969 0.814063 0.304688 0.125000
6 0.379297 0.940234 0.277344 0.121094
6 0.668555 0.938086 0.302734 0.123047
