6 0.058594 0.456641 0.117188 0.097656
6 0.028320 0.600977 0.056641 0.189453
6 0.032227 0.788086 0.064453 0.185547
6 0.957031 0.203516 0.085938 0.238281
6 0.869922 0.203516 0.105469 0.238281
6 0.772070 0.203516 0.103516 0.238281
6 0.675195 0.202930 0.103516 0.240234
6 0.577930 0.202930 0.099609 0.240234
6 0.480078 0.202930 0.097656 0.240234
6 0.180273 0.201758 0.107422 0.244141
6 0.082031 0.203125 0.101562 0.234375
6 0.650195 0.579102 0.119141 0.205078
6 0.529883 0.580664 0.119141 0.205078
6 0.411133 0.579492 0.119141 0.208984
6 0.646094 0.776953 0.117188 0.191406
6 0.528906 0.779687 0.117188 0.187500
6 0.411133 0.781055 0.119141 0.193359
6 0.298242 0.597656 0.099609 0.195312
6 0.199805 0.598633 0.099609 0.197266
6 0.101172 0.600195 0.105469 0.197266
6 0.298828 0.787109 0.097656 0.183594
6 0.203516 0.788672 0.097656 0.183594
6 0.109180 0.792773 0.099609 0.185547
6 0.176462 0.039459 0.102923 0.078919
6 0.080039 0.047949 0.097578 0.070898
6 0.383390 0.202726 0.094905 0.236702
6 0.283093 0.196912 0.106811 0.250075
