0 0.199609 0.886719 0.371094 0.132812
0 0.198047 0.772461 0.371094 0.123047
0 0.195312 0.673633 0.375000 0.119141
0 0.221484 0.575195 0.324219 0.103516
0 0.219531 0.377734 0.320312 0.089844
0 0.215430 0.277734 0.318359 0.105469
0 0.212695 0.190820 0.322266 0.087891
0 0.191797 0.088672 0.277344 0.105469
0 0.724414 0.944727 0.267578 0.111328
0 0.732422 0.853516 0.261719 0.097656
0 0.743555 0.773242 0.271484 0.115234
0 0.739844 0.677148 0.273438 0.107422
0 0.733789 0.580469 0.267578 0.101562
0 0.738281 0.480469 0.273438 0.101562
0 0.707031 0.353516 0.257812 0.097656
0 0.735156 0.224414 0.273438 0.111328
0 0.658984 0.082031 0.417969 0.164062
0 0.220508 0.475195 0.322266 0.103516
