6 0.391602 0.246680 0.189453 0.396484
6 0.225977 0.241113 0.142578 0.375977
6 0.088281 0.238574 0.132812 0.358398
6 0.406055 0.751855 0.162109 0.350586
6 0.267578 0.743262 0.113281 0.327148
6 0.158984 0.737207 0.105469 0.305664
6 0.057227 0.732227 0.095703 0.283203
6 0.648145 0.769922 0.118164 0.261719
6 0.763477 0.768945 0.111328 0.259766
6 0.875586 0.769531 0.123047 0.257812
6 0.581445 0.249316 0.119141 0.270508
6 0.675586 0.254297 0.123047 0.277344
6 0.769922 0.261523 0.121094 0.279297
6 0.875000 0.268848 0.140625 0.278320
