5 0.408789 0.956445 0.220703 0.072266
5 0.413672 0.910156 0.230469 0.070312
5 0.414648 0.838867 0.232422 0.068359
5 0.426367 0.743750 0.208984 0.078125
5 0.422656 0.657031 0.210938 0.070312
5 0.429102 0.592773 0.220703 0.076172
5 0.425586 0.514258 0.216797 0.072266
5 0.434961 0.443750 0.232422 0.078125
5 0.445312 0.348242 0.234375 0.115234
5 0.458008 0.237891 0.212891 0.113281
5 0.443945 0.134375 0.259766 0.093750
0 0.491992 0.066992 0.162109 0.083984
5 0.762109 0.627930 0.167969 0.083984
5 0.763672 0.544531 0.199219 0.085938
5 0.777148 0.458008 0.201172 0.087891
5 0.787500 0.366992 0.203125 0.099609
5 0.821680 0.041992 0.224609 0.083984
