0 0.222778 0.704980 0.095556 0.175584
0 0.302720 0.704747 0.080441 0.162619
0 0.377232 0.715816 0.070089 0.141008
0 0.445105 0.716145 0.062084 0.144791
0 0.513159 0.711670 0.066944 0.142089
0 0.577249 0.710048 0.070123 0.138847
0 0.643656 0.707135 0.068562 0.136145
0 0.710091 0.707135 0.070183 0.136145
0 0.776526 0.702718 0.071802 0.136686
0 0.838273 0.704492 0.073422 0.133984
0 0.240820 0.274414 0.103516 0.220703
0 0.353516 0.277148 0.097656 0.216797
0 0.458398 0.277734 0.091797 0.214844
0 0.569336 0.278320 0.091797 0.212891
0 0.663086 0.277344 0.091797 0.210938
0 0.764453 0.277930 0.097656 0.208984
0 0.839844 0.280078 0.070312 0.207031
0 0.381240 0.519593 0.043730 0.104811
0 0.341580 0.527009 0.039411 0.094644
0 0.305430 0.526662 0.038984 0.097073
0 0.270515 0.528350 0.041030 0.100450
0 0.232532 0.528891 0.043189 0.101531
0 0.193952 0.531706 0.041028 0.097787
