2 0.262695 0.317969 0.462891 0.132812
2 0.196289 0.196289 0.345703 0.111328
2 0.205078 0.088672 0.378906 0.121094
2 0.773242 0.068750 0.271484 0.078125
6 0.735156 0.275977 0.195312 0.111328
6 0.808398 0.165625 0.341797 0.125000
6 0.832617 0.293750 0.099609 0.078125
6 0.808008 0.392969 0.337891 0.117188
6 0.806055 0.534180 0.333984 0.115234
6 0.800195 0.654102 0.322266 0.126953
6 0.799219 0.758594 0.320312 0.117188
2 0.813086 0.866016 0.341797 0.128906
2 0.815234 0.953125 0.339844 0.093750
6 0.261719 0.953125 0.414062 0.093750
6 0.257422 0.850391 0.417969 0.160156
6 0.252539 0.717773 0.423828 0.154297
6 0.252344 0.574219 0.414062 0.132812
6 0.246680 0.448828 0.427734 0.128906
