6 0.253711 0.918555 0.263672 0.162109
6 0.253711 0.778906 0.263672 0.148438
6 0.249805 0.643359 0.271484 0.152344
6 0.251563 0.498633 0.265625 0.134766
6 0.246680 0.360938 0.271484 0.140625
6 0.247852 0.217383 0.267578 0.150391
6 0.245703 0.074219 0.269531 0.148438
6 0.750977 0.945312 0.298828 0.109375
6 0.751953 0.837500 0.300781 0.140625
6 0.752344 0.714844 0.304688 0.132812
6 0.546289 0.588281 0.126953 0.132812
6 0.551758 0.455469 0.119141 0.132812
6 0.553320 0.319922 0.119141 0.136719
6 0.548242 0.182227 0.130859 0.142578
6 0.762695 0.585547 0.306641 0.136719
6 0.766406 0.454492 0.304688 0.130859
6 0.767383 0.321094 0.306641 0.132812
6 0.767383 0.186523 0.306641 0.138672
6 0.753711 0.061523 0.310547 0.123047
