4 0.951562 0.306934 0.093750 0.291992
4 0.920508 0.530762 0.150391 0.186523
4 0.814063 0.496191 0.156250 0.161133
4 0.839453 0.374902 0.160156 0.174805
4 0.896875 0.264160 0.109375 0.090820
4 0.728125 0.281738 0.156250 0.204102
4 0.688086 0.220508 0.076172 0.119141
4 0.571680 0.469824 0.146484 0.249023
4 0.575195 0.323730 0.119141 0.147461
4 0.602930 0.341699 0.099609 0.124023
4 0.690820 0.500488 0.119141 0.172852
4 0.464648 0.348145 0.232422 0.258789
4 0.524414 0.290918 0.111328 0.147461
4 0.449609 0.550781 0.105469 0.132812
4 0.490234 0.458105 0.074219 0.131836
4 0.323047 0.599707 0.214844 0.211914
4 0.161719 0.712402 0.101562 0.159180
4 0.220312 0.438770 0.125000 0.133789
4 0.092383 0.488281 0.134766 0.101562
4 0.316992 0.402832 0.083984 0.086914
4 0.233203 0.373535 0.097656 0.059570
4 0.908203 0.611230 0.097656 0.084961
4 0.183008 0.575098 0.119141 0.153320
