5 0.233398 0.774805 0.466797 0.240234
5 0.640430 0.660156 0.365234 0.164062
5 0.226953 0.572266 0.332031 0.144531
5 0.177148 0.424609 0.138672 0.183594
5 0.359375 0.430273 0.234375 0.185547
5 0.928516 0.536719 0.144531 0.257812
5 0.617773 0.426367 0.310547 0.099609
5 0.806055 0.384180 0.177734 0.177734
5 0.733984 0.319336 0.246094 0.123047
5 0.407617 0.344727 0.224609 0.126953
5 0.300391 0.341602 0.222656 0.080078
5 0.438086 0.254492 0.185547 0.083984
5 0.686328 0.244727 0.222656 0.064453
5 0.370117 0.204883 0.162109 0.087891
5 0.524219 0.220312 0.195312 0.062500
