2 0.163477 0.161719 0.189453 0.304688
2 0.125000 0.493555 0.250000 0.427734
2 0.056641 0.420508 0.113281 0.259766
2 0.271484 0.169531 0.167969 0.289062
2 0.386328 0.173437 0.175781 0.312500
2 0.286914 0.421680 0.126953 0.240234
2 0.299805 0.621484 0.333984 0.183594
2 0.429297 0.451758 0.121094 0.275391
2 0.510742 0.208789 0.162109 0.314453
2 0.632422 0.197852 0.121094 0.298828
2 0.743750 0.217383 0.125000 0.337891
2 0.873437 0.215820 0.140625 0.306641
2 0.539062 0.550391 0.187500 0.472656
2 0.716211 0.563086 0.185547 0.404297
2 0.890039 0.583789 0.220703 0.455078
