4 0.285156 0.132812 0.570312 0.265625
2 0.433984 0.944727 0.496094 0.111328
2 0.590430 0.832422 0.677734 0.246094
2 0.315430 0.487695 0.162109 0.478516
2 0.419336 0.619141 0.482422 0.238281
2 0.672461 0.563281 0.482422 0.210938
2 0.599219 0.400977 0.195312 0.142578
2 0.770898 0.339258 0.169922 0.181641
2 0.540625 0.235742 0.500000 0.333984
2 0.916797 0.164844 0.167969 0.320312
2 0.601562 0.045898 0.265625 0.091797
2 0.236328 0.221484 0.472656 0.371094
2 0.147070 0.435156 0.197266 0.226562
2 0.134570 0.593555 0.181641 0.115234
2 0.102539 0.846484 0.205078 0.277344
2 0.057617 0.975977 0.115234 0.048828
2 0.080078 0.666992 0.160156 0.193359
