5 0.711328 0.704883 0.175781 0.400391
5 0.941406 0.701172 0.117188 0.402344
0 0.079687 0.294336 0.109375 0.310547
0 0.180273 0.294336 0.107422 0.310547
0 0.300586 0.287891 0.107422 0.316406
0 0.433008 0.285742 0.103516 0.318359
0 0.546680 0.278125 0.099609 0.328125
0 0.665820 0.277734 0.103516 0.324219
0 0.798242 0.271289 0.099609 0.330078
0 0.913867 0.274414 0.099609 0.314453
0 0.102148 0.705469 0.138672 0.382812
0 0.222266 0.703906 0.128906 0.382812
0 0.341211 0.704883 0.123047 0.384766
0 0.456836 0.703125 0.123047 0.390625
0 0.579688 0.705078 0.109375 0.394531
0 0.834766 0.698828 0.113281 0.394531
