2 0.160938 0.251367 0.125000 0.490234
2 0.500977 0.253711 0.126953 0.482422
2 0.765625 0.239258 0.140625 0.478516
2 0.912891 0.245117 0.144531 0.490234
0 0.169922 0.632227 0.292969 0.236328
0 0.177734 0.806445 0.277344 0.134766
0 0.181445 0.920410 0.275391 0.137695
0 0.504297 0.613867 0.324219 0.146484
0 0.499609 0.744141 0.324219 0.128906
0 0.499023 0.873437 0.326172 0.140625
0 0.826953 0.576074 0.285156 0.124023
0 0.833594 0.697266 0.273438 0.128906
0 0.825195 0.817676 0.291016 0.110352
0 0.825586 0.929297 0.294922 0.121094
