3 0.225391 0.155566 0.191406 0.161133
3 0.103516 0.154102 0.160156 0.158203
3 0.495117 0.166602 0.287109 0.189453
3 0.781055 0.161719 0.193359 0.195312
3 0.881641 0.136816 0.207031 0.145508
3 0.095312 0.458984 0.156250 0.152344
3 0.233984 0.509668 0.167969 0.163086
3 0.500391 0.510059 0.300781 0.120117
3 0.832422 0.487207 0.308594 0.196289
3 0.165430 0.829980 0.302734 0.272461
3 0.499023 0.817480 0.310547 0.163086
3 0.936523 0.760547 0.123047 0.074219
3 0.800391 0.929980 0.238281 0.100586
3 0.801758 0.826758 0.259766 0.041016
