6 0.710938 0.062500 0.093750 0.078125
6 0.609180 0.191211 0.083984 0.107422
6 0.753906 0.207813 0.101562 0.109375
6 0.689258 0.487695 0.072266 0.087891
6 0.567383 0.713867 0.103516 0.068359
6 0.883789 0.965430 0.080078 0.068359
6 0.432422 0.308008 0.074219 0.072266
6 0.508789 0.217188 0.064453 0.093750
4 0.308203 0.756445 0.144531 0.134766
4 0.199805 0.614844 0.146484 0.101562
4 0.519336 0.526172 0.263672 0.386719
4 0.458789 0.388672 0.142578 0.121094
4 0.544531 0.142383 0.085938 0.056641
4 0.850977 0.672461 0.220703 0.123047
4 0.732227 0.758203 0.205078 0.175781
4 0.752930 0.641602 0.287109 0.142578
4 0.742578 0.527734 0.144531 0.105469
4 0.797852 0.876953 0.111328 0.128906
3 0.894531 0.851953 0.210938 0.253906
4 0.875391 0.489844 0.175781 0.242188
4 0.957617 0.374805 0.083984 0.255859
4 0.873828 0.130859 0.253906 0.261719
4 0.767969 0.933594 0.164062 0.132812
