0 0.088281 0.251563 0.123438 0.287500
0 0.205469 0.235937 0.142187 0.296875
0 0.321094 0.217188 0.123438 0.296875
0 0.440625 0.223438 0.128125 0.278125
0 0.575000 0.215625 0.125000 0.275000
0 0.717969 0.217188 0.135937 0.275000
0 0.855469 0.201563 0.126562 0.287500
0 0.966406 0.197656 0.067187 0.289062
0 0.960938 0.697656 0.078125 0.207813
0 0.875000 0.705469 0.103125 0.189062
0 0.697656 0.717969 0.110937 0.226562
0 0.527344 0.724219 0.089063 0.220312
0 0.444531 0.732031 0.095312 0.223438
0 0.349219 0.727344 0.085938 0.232813
0 0.258594 0.729688 0.104688 0.200000
0 0.155469 0.745313 0.104688 0.212500
0 0.782031 0.481250 0.054688 0.134375
0 0.734375 0.493750 0.050000 0.118750
0 0.686719 0.493750 0.051562 0.121875
0 0.639062 0.487500 0.046875 0.115625
0 0.597656 0.495312 0.051562 0.109375
0 0.554688 0.500781 0.046875 0.114062
0 0.509375 0.500000 0.040625 0.115625
0 0.384375 0.507812 0.043750 0.121875
0 0.333594 0.502344 0.051562 0.117188
0 0.286719 0.501563 0.048438 0.125000
0 0.234375 0.512500 0.053125 0.109375
0 0.103906 0.514844 0.054688 0.120313
0 0.057813 0.517969 0.053125 0.098437
0 0.021875 0.521875 0.043750 0.100000
