1 0.534375 0.527344 0.087500 0.060937
4 0.252734 0.141211 0.105469 0.091797
4 0.178711 0.250391 0.138672 0.113281
1 0.171484 0.315039 0.089844 0.064453
4 0.780273 0.679297 0.154297 0.183594
4 0.891211 0.633789 0.076172 0.189453
4 0.941992 0.630469 0.115234 0.148438
1 0.616797 0.361133 0.058594 0.072266
4 0.740625 0.346484 0.109375 0.152344
1 0.687109 0.376953 0.089844 0.066406
1 0.452148 0.639062 0.060547 0.078125
4 0.034180 0.032227 0.068359 0.048828
4 0.455469 0.908984 0.148438 0.089844
4 0.402734 0.972070 0.121094 0.056641
4 0.361914 0.941211 0.095703 0.076172
4 0.329688 0.858398 0.062500 0.060547
4 0.160156 0.977148 0.148438 0.044922
4 0.572266 0.918359 0.066406 0.074219
1 0.210938 0.806055 0.062500 0.099609
1 0.277734 0.502930 0.089844 0.115234
4 0.111133 0.604102 0.134766 0.095703
4 0.309961 0.700977 0.060547 0.048828
4 0.500391 0.236914 0.175781 0.111328
4 0.363086 0.052539 0.107422 0.095703
3 0.851953 0.476367 0.050781 0.052734
