6 0.780469 0.134375 0.120313 0.268750
6 0.671094 0.131250 0.145313 0.262500
6 0.555469 0.135937 0.129688 0.271875
6 0.450000 0.134375 0.096875 0.268750
6 0.347656 0.130469 0.129688 0.257812
6 0.230469 0.134375 0.110937 0.259375
6 0.123438 0.131250 0.109375 0.262500
6 0.036719 0.135156 0.070312 0.267188
6 0.040625 0.450781 0.081250 0.076563
6 0.134375 0.455469 0.090625 0.067187
6 0.226562 0.459375 0.100000 0.068750
6 0.331250 0.462500 0.112500 0.078125
6 0.434375 0.474219 0.106250 0.082812
6 0.547656 0.466406 0.104688 0.076563
6 0.655469 0.463281 0.126562 0.082812
6 0.853125 0.458594 0.293750 0.104688
6 0.853125 0.547656 0.278125 0.089063
6 0.657031 0.542969 0.098437 0.085938
6 0.554688 0.544531 0.118750 0.067187
6 0.430469 0.545312 0.117188 0.093750
6 0.348438 0.545312 0.106250 0.081250
6 0.236719 0.538281 0.098437 0.070312
6 0.141406 0.543750 0.098437 0.093750
6 0.044531 0.537500 0.085938 0.087500
6 0.039844 0.699219 0.076563 0.242188
6 0.132031 0.692187 0.107813 0.259375
6 0.236719 0.699219 0.107813 0.260937
6 0.350000 0.693750 0.109375 0.240625
6 0.450781 0.696875 0.107813 0.250000
6 0.552344 0.707031 0.104688 0.248438
6 0.664062 0.709375 0.109375 0.259375
6 0.778125 0.711719 0.093750 0.257812
6 0.847656 0.713281 0.098437 0.239063
6 0.947656 0.709375 0.085938 0.256250
6 0.889716 0.130287 0.120056 0.260573
