6 0.083008 0.058594 0.166016 0.085938
6 0.126367 0.624805 0.177734 0.068359
6 0.124805 0.558203 0.177734 0.066406
6 0.116797 0.488867 0.167969 0.068359
6 0.112305 0.424219 0.162109 0.070312
6 0.095508 0.353320 0.181641 0.072266
6 0.089453 0.283008 0.175781 0.072266
6 0.086914 0.210547 0.173828 0.074219
6 0.083984 0.139648 0.167969 0.076172
6 0.123047 0.921875 0.199219 0.093750
6 0.120898 0.857031 0.201172 0.085938
6 0.117188 0.789062 0.203125 0.078125
6 0.115039 0.718555 0.205078 0.083984
6 0.375000 0.325977 0.187500 0.080078
6 0.371484 0.249414 0.183594 0.080078
6 0.370508 0.172852 0.181641 0.080078
6 0.369922 0.097266 0.183594 0.082031
6 0.389062 0.692187 0.203125 0.093750
6 0.389258 0.608984 0.197266 0.074219
6 0.382422 0.541406 0.183594 0.070312
6 0.394141 0.472656 0.207031 0.070312
6 0.380859 0.403320 0.183594 0.072266
6 0.382422 0.905859 0.183594 0.074219
6 0.380859 0.839648 0.183594 0.076172
6 0.380273 0.770898 0.185547 0.076172
6 0.855078 0.074023 0.207031 0.091797
6 0.851172 0.313867 0.199219 0.083984
6 0.854297 0.234180 0.199219 0.083984
6 0.856250 0.153906 0.203125 0.085938
6 0.851172 0.714648 0.199219 0.091797
6 0.848242 0.629297 0.193359 0.074219
6 0.848242 0.553711 0.193359 0.076172
6 0.849219 0.477148 0.195312 0.076172
6 0.849219 0.403125 0.195312 0.078125
6 0.850195 0.944141 0.197266 0.082031
6 0.849219 0.869141 0.195312 0.082031
6 0.850195 0.796289 0.197266 0.080078
