4 0.746680 0.746094 0.474609 0.476562
4 0.583984 0.791016 0.152344 0.238281
4 0.572266 0.602539 0.128906 0.189453
4 0.910742 0.808594 0.146484 0.304688
4 0.746191 0.252930 0.473633 0.474609
4 0.381152 0.120117 0.221680 0.208984
4 0.436328 0.274414 0.113281 0.251953
4 0.249707 0.331641 0.274414 0.316406
4 0.165039 0.119141 0.298828 0.207031
4 0.079102 0.307227 0.126953 0.267578
4 0.092871 0.455859 0.151367 0.074219
4 0.366602 0.600586 0.251953 0.185547
4 0.136719 0.639648 0.242188 0.263672
4 0.227148 0.820898 0.185547 0.294922
4 0.105371 0.873828 0.182617 0.222656
4 0.361621 0.940234 0.260742 0.089844
4 0.397852 0.787695 0.189453 0.228516
