6 0.172266 0.889062 0.191406 0.109375
6 0.179102 0.783594 0.189453 0.101562
6 0.184375 0.682031 0.187500 0.101562
6 0.187109 0.580078 0.183594 0.097656
6 0.190430 0.483789 0.177734 0.095703
6 0.194141 0.389062 0.175781 0.093750
6 0.188281 0.298633 0.179688 0.087891
6 0.192383 0.208984 0.166016 0.089844
6 0.201758 0.122070 0.150391 0.087891
6 0.204492 0.040039 0.146484 0.080078
6 0.364648 0.039062 0.169922 0.078125
6 0.364648 0.120508 0.169922 0.087891
6 0.364063 0.206445 0.171875 0.087891
6 0.361914 0.294922 0.173828 0.089844
6 0.366211 0.388086 0.169922 0.091797
6 0.366211 0.482227 0.169922 0.095703
6 0.366211 0.576953 0.169922 0.097656
6 0.365039 0.674414 0.173828 0.095703
6 0.361133 0.776172 0.181641 0.105469
6 0.358398 0.882812 0.185547 0.109375
6 0.650977 0.910156 0.173828 0.085938
6 0.650000 0.824219 0.171875 0.085938
6 0.647852 0.737109 0.173828 0.089844
6 0.820312 0.820117 0.171875 0.083984
6 0.817187 0.735156 0.171875 0.085938
6 0.825977 0.904883 0.173828 0.087891
6 0.640234 0.650000 0.167969 0.078125
6 0.637695 0.571875 0.166016 0.078125
6 0.636133 0.493750 0.166016 0.078125
6 0.796289 0.650000 0.142578 0.078125
6 0.801367 0.570898 0.162109 0.076172
6 0.798828 0.495898 0.160156 0.076172
6 0.584961 0.414648 0.076172 0.091797
6 0.583984 0.347266 0.074219 0.097656
6 0.581445 0.281836 0.072266 0.107422
6 0.774805 0.418945 0.193359 0.072266
6 0.772266 0.347070 0.191406 0.072266
6 0.768164 0.275195 0.189453 0.072266
6 0.754687 0.205469 0.203125 0.070312
6 0.746484 0.083008 0.199219 0.103516
