6 0.364258 0.217188 0.103516 0.296875
6 0.339844 0.527148 0.117188 0.201172
6 0.244531 0.528125 0.117188 0.203125
6 0.150977 0.529102 0.126953 0.205078
6 0.063477 0.529687 0.126953 0.203125
1 0.523047 0.082031 0.292969 0.164062
1 0.522461 0.296484 0.263672 0.292969
1 0.524414 0.541992 0.220703 0.224609
1 0.525391 0.741016 0.191406 0.175781
1 0.512695 0.851172 0.181641 0.199219
6 0.384180 0.761719 0.083984 0.132812
6 0.303320 0.762695 0.087891 0.134766
6 0.224023 0.764258 0.091797 0.134766
6 0.144141 0.763281 0.097656 0.132812
6 0.060547 0.763281 0.105469 0.132812
