0 0.117188 0.359180 0.125000 0.271484
0 0.222656 0.377734 0.117188 0.230469
0 0.325977 0.360156 0.111328 0.273438
0 0.480469 0.285742 0.132812 0.412109
0 0.596680 0.286719 0.099609 0.414062
0 0.701758 0.303516 0.119141 0.378906
0 0.817187 0.290820 0.125000 0.353516
0 0.923438 0.288086 0.125000 0.357422
0 0.079102 0.812109 0.158203 0.355469
0 0.224414 0.814258 0.173828 0.353516
0 0.384375 0.814453 0.156250 0.363281
0 0.525391 0.848242 0.128906 0.287109
0 0.660742 0.846680 0.130859 0.287109
0 0.792773 0.850195 0.138672 0.291016
0 0.925195 0.852344 0.150391 0.289062
