13 0.810680 0.110666 0.347322 0.178062
13 0.506393 0.113572 0.301248 0.207913
13 0.201798 0.127282 0.336288 0.230526
13 0.229874 0.319590 0.334748 0.206488
13 0.839680 0.299940 0.304361 0.181611
13 0.551219 0.307151 0.304361 0.181611
13 0.845373 0.482982 0.310937 0.187118
13 0.547181 0.492947 0.353978 0.207048
13 0.219287 0.498572 0.327998 0.213490
13 0.234959 0.692012 0.320880 0.177293
13 0.262757 0.875089 0.347630 0.182870
13 0.559786 0.680063 0.326303 0.187048
13 0.855258 0.667868 0.287440 0.196313
13 0.865862 0.854096 0.270185 0.217808
13 0.588971 0.864844 0.307750 0.234495
