13 0.297583 0.051041 0.383627 0.102082
13 0.310951 0.152398 0.367094 0.122103
13 0.324172 0.268692 0.398344 0.123923
13 0.317255 0.384077 0.398933 0.138346
13 0.336290 0.494233 0.384118 0.127889
13 0.328980 0.705072 0.359882 0.121683
13 0.323879 0.597319 0.373719 0.108099
13 0.331579 0.818472 0.374697 0.132137
13 0.348260 0.929832 0.359981 0.124087
13 0.811329 0.893132 0.377466 0.132418
13 0.799275 0.785811 0.367781 0.138930
13 0.803788 0.673530 0.391231 0.125906
13 0.794173 0.561553 0.343154 0.123106
13 0.777493 0.448071 0.367486 0.131719
13 0.777346 0.336292 0.367192 0.124507
13 0.776291 0.224863 0.379505 0.132418
13 0.775899 0.031597 0.378721 0.063195
13 0.764125 0.117192 0.355173 0.123808
