13 0.163956 0.068925 0.250988 0.123428
13 0.160476 0.174127 0.229606 0.127101
13 0.150230 0.265347 0.223536 0.102810
13 0.162249 0.356694 0.223536 0.102810
13 0.140106 0.437034 0.217712 0.128875
13 0.134353 0.536541 0.206207 0.092313
13 0.123977 0.622571 0.233531 0.110526
13 0.124989 0.717082 0.216325 0.102433
13 0.120181 0.808428 0.216325 0.102433
13 0.124864 0.909263 0.211267 0.097373
13 0.365752 0.864976 0.265159 0.119375
13 0.334124 0.760225 0.211517 0.102180
13 0.369484 0.104668 0.238969 0.122798
13 0.373410 0.191332 0.242012 0.089394
13 0.344941 0.275466 0.242767 0.103817
13 0.599429 0.107638 0.261358 0.138353
13 0.831149 0.243965 0.234413 0.127353
13 0.812553 0.361370 0.264529 0.107356
13 0.811477 0.454553 0.243147 0.111029
13 0.788514 0.553552 0.259721 0.107103
13 0.785538 0.668370 0.239346 0.130010
