13 0.802136 0.781972 0.397541 0.386060
13 0.403750 0.904177 0.374808 0.173738
13 0.296133 0.732743 0.404767 0.460678
13 0.199748 0.520790 0.322572 0.358887
13 0.134320 0.300891 0.206139 0.318127
13 0.332593 0.179225 0.246916 0.151719
13 0.426049 0.283815 0.308829 0.216668
13 0.552344 0.450829 0.426803 0.310312
13 0.524292 0.099680 0.178392 0.189745
13 0.634764 0.161023 0.298375 0.187430
13 0.835578 0.291445 0.272118 0.275197
13 0.906746 0.529355 0.188493 0.217363
13 0.766556 0.061000 0.321575 0.122000
