13 0.053892 0.710558 0.098168 0.387462
13 0.163169 0.709649 0.105185 0.371221
13 0.278736 0.710851 0.105548 0.402471
13 0.394120 0.733075 0.119971 0.403649
13 0.504613 0.727875 0.110188 0.388442
13 0.713608 0.758928 0.105101 0.364010
13 0.605519 0.751129 0.090846 0.377257
13 0.829077 0.771340 0.114885 0.379219
13 0.940772 0.766238 0.107505 0.364207
13 0.934874 0.302590 0.114940 0.384026
13 0.826631 0.303988 0.119608 0.372399
13 0.714992 0.284267 0.107868 0.395457
13 0.604136 0.279459 0.107310 0.347380
13 0.487689 0.282157 0.114800 0.372007
13 0.378314 0.269844 0.107589 0.371418
13 0.266605 0.256917 0.114940 0.384026
13 0.047855 0.229690 0.095709 0.382457
13 0.157090 0.254219 0.107450 0.359399
