13 0.861555 0.838302 0.170226 0.325642
13 0.869829 0.543690 0.201197 0.298918
13 0.866328 0.237767 0.223041 0.336111
13 0.674014 0.245549 0.198990 0.332445
13 0.671526 0.850553 0.174784 0.297260
13 0.673930 0.564631 0.174784 0.302339
13 0.488904 0.840980 0.179731 0.316575
13 0.488974 0.541222 0.199101 0.351675
13 0.494906 0.213287 0.206159 0.325613
13 0.301383 0.205131 0.170075 0.318916
13 0.116363 0.211266 0.175034 0.345608
13 0.301397 0.532305 0.179716 0.324226
13 0.303766 0.841452 0.189262 0.312712
13 0.117453 0.834806 0.210868 0.309036
13 0.117440 0.539638 0.230072 0.305238
