15 0.097656 0.312500 0.064062 0.193750
15 0.139063 0.314844 0.059375 0.182812
15 0.109375 0.524219 0.093750 0.245312
15 0.166406 0.525000 0.098437 0.231250
15 0.131250 0.810156 0.106250 0.307812
15 0.202344 0.802344 0.104688 0.304688
15 0.274219 0.240625 0.220312 0.050000
15 0.281250 0.296094 0.228125 0.045312
15 0.289844 0.339062 0.217188 0.059375
15 0.306250 0.400781 0.234375 0.057813
15 0.315625 0.475000 0.243750 0.081250
15 0.335156 0.514844 0.245312 0.070312
15 0.345313 0.599219 0.256250 0.117188
15 0.360156 0.674219 0.270313 0.135937
15 0.369531 0.764844 0.273438 0.126562
15 0.392969 0.844531 0.282813 0.164062
15 0.472656 0.268750 0.185938 0.103125
15 0.497656 0.358594 0.207813 0.104688
15 0.533594 0.448437 0.214062 0.115625
15 0.566406 0.565625 0.217188 0.153125
15 0.608594 0.695312 0.232813 0.175000
15 0.662500 0.265625 0.237500 0.128125
15 0.721094 0.360156 0.251563 0.126562
15 0.767188 0.500000 0.271875 0.196875
15 0.833594 0.642969 0.301563 0.204687
