15 0.719531 0.769531 0.182812 0.270313
15 0.579688 0.775000 0.153125 0.290625
15 0.439844 0.785937 0.160938 0.303125
15 0.279687 0.794531 0.156250 0.314063
15 0.225000 0.530469 0.165625 0.285938
15 0.370312 0.524219 0.134375 0.273438
15 0.501563 0.510938 0.156250 0.281250
15 0.614062 0.516406 0.156250 0.276562
15 0.732031 0.517188 0.160938 0.259375
15 0.182812 0.219531 0.106250 0.379688
15 0.281250 0.223438 0.096875 0.365625
15 0.378906 0.225781 0.089063 0.370312
15 0.457813 0.232031 0.106250 0.357812
15 0.531250 0.235156 0.115625 0.364063
15 0.614062 0.232813 0.137500 0.356250
15 0.691406 0.235937 0.132812 0.346875
15 0.764062 0.246094 0.134375 0.339062
15 0.839844 0.246094 0.145313 0.339062
15 0.910937 0.259375 0.150000 0.337500
