15 0.804688 0.731250 0.146875 0.259375
15 0.732812 0.728125 0.150000 0.250000
15 0.667969 0.721875 0.132812 0.250000
15 0.605469 0.723437 0.132812 0.262500
15 0.532031 0.720313 0.120313 0.262500
15 0.462500 0.710938 0.106250 0.262500
15 0.390625 0.710938 0.103125 0.271875
15 0.311719 0.701562 0.079687 0.281250
15 0.236719 0.707812 0.076563 0.293750
15 0.161719 0.700000 0.082812 0.293750
15 0.674219 0.914062 0.120313 0.168750
15 0.579688 0.918750 0.153125 0.159375
15 0.475000 0.910937 0.137500 0.178125
15 0.366406 0.899219 0.129688 0.192188
15 0.250781 0.900000 0.120313 0.196875
15 0.782031 0.557813 0.279687 0.096875
15 0.806250 0.491406 0.281250 0.089063
15 0.516406 0.536719 0.276562 0.145313
15 0.542969 0.457813 0.279687 0.146875
15 0.230469 0.521875 0.298438 0.125000
15 0.239844 0.417969 0.301563 0.132812
15 0.801562 0.391406 0.250000 0.123438
15 0.789062 0.306250 0.240625 0.134375
15 0.549219 0.360156 0.289062 0.132812
15 0.533594 0.279687 0.267188 0.137500
15 0.248438 0.321875 0.293750 0.134375
15 0.257031 0.230469 0.289062 0.129688
