15 0.196875 0.269531 0.146875 0.260937
15 0.267188 0.271875 0.150000 0.250000
15 0.335156 0.278125 0.132812 0.250000
15 0.396094 0.279687 0.132812 0.262500
15 0.468750 0.282813 0.118750 0.262500
15 0.538281 0.290625 0.107813 0.262500
15 0.610938 0.289062 0.103125 0.271875
15 0.689063 0.299219 0.078125 0.282813
15 0.764844 0.295312 0.076563 0.293750
15 0.839063 0.301563 0.081250 0.293750
15 0.328125 0.085938 0.121875 0.168750
15 0.420312 0.081250 0.156250 0.159375
15 0.526563 0.089844 0.137500 0.176563
15 0.636719 0.101562 0.129688 0.190625
15 0.750000 0.101562 0.121875 0.196875
15 0.217969 0.441406 0.279687 0.098437
15 0.192969 0.510156 0.279687 0.089063
15 0.483594 0.465625 0.276562 0.143750
15 0.457031 0.542969 0.279687 0.148438
15 0.768750 0.478125 0.296875 0.125000
15 0.760938 0.583594 0.300000 0.132812
15 0.200000 0.609375 0.250000 0.121875
15 0.211719 0.694531 0.242188 0.132812
15 0.453125 0.641406 0.287500 0.132812
15 0.467969 0.721875 0.267188 0.137500
15 0.754687 0.678125 0.293750 0.134375
15 0.743750 0.769531 0.290625 0.129688
