14 0.949519 0.270433 0.100962 0.540865
14 0.948317 0.776442 0.084135 0.432692
14 0.877404 0.575721 0.168269 0.593750
14 0.754808 0.175481 0.110577 0.350962
14 0.662260 0.407452 0.127404 0.502404
14 0.733173 0.829327 0.105769 0.341346
14 0.634615 0.829327 0.100962 0.341346
14 0.531250 0.832933 0.115385 0.334135
14 0.569712 0.338942 0.139423 0.677885
14 0.388221 0.450721 0.132212 0.718750
14 0.411058 0.753606 0.100962 0.478365
14 0.284856 0.144231 0.127404 0.288462
14 0.201923 0.489183 0.163462 0.502404
14 0.260817 0.832933 0.137019 0.334135
14 0.049279 0.486779 0.098558 0.646635
14 0.097356 0.899038 0.127404 0.201923
14 0.075721 0.237981 0.146635 0.475962
