14 0.868410 0.549698 0.260858 0.815743
14 0.970993 0.084338 0.057370 0.168675
14 0.700428 0.433204 0.184510 0.323139
14 0.748191 0.702518 0.145421 0.212728
14 0.796072 0.885210 0.145029 0.145421
14 0.577126 0.932376 0.360983 0.090714
14 0.599690 0.771120 0.314764 0.407625
14 0.228770 0.917755 0.313310 0.157625
14 0.300970 0.843843 0.169248 0.178070
14 0.462097 0.522543 0.279964 0.208548
14 0.591696 0.418386 0.087238 0.125233
14 0.603897 0.327435 0.183755 0.193332
14 0.521915 0.228482 0.087099 0.101195
14 0.602478 0.218294 0.108803 0.114474
14 0.704886 0.159446 0.193425 0.203507
14 0.302892 0.204923 0.399053 0.409846
14 0.436111 0.279113 0.300106 0.365918
14 0.830703 0.029672 0.108522 0.059344
14 0.076091 0.063702 0.152183 0.127404
14 0.070662 0.359829 0.141325 0.335043
14 0.082150 0.134008 0.145070 0.152632
14 0.273516 0.661441 0.388377 0.669036
14 0.031026 0.633822 0.057245 0.339760
