14 0.336987 0.858173 0.659550 0.283654
14 0.599677 0.885288 0.473392 0.222500
14 0.849770 0.933423 0.300502 0.131269
14 0.734512 0.792494 0.531524 0.334988
14 0.829451 0.545947 0.341594 0.226510
14 0.038924 0.556243 0.073041 0.497101
14 0.261364 0.667064 0.378498 0.324512
14 0.333689 0.415335 0.662570 0.378748
14 0.646328 0.288673 0.460925 0.389846
14 0.916956 0.269738 0.165642 0.395245
14 0.568133 0.107552 0.544921 0.176642
14 0.239323 0.208668 0.363262 0.253875
14 0.034843 0.195666 0.069685 0.208639
14 0.500000 0.500000 1.000000 1.000000
