14 0.366001 0.156212 0.207964 0.163385
14 0.560713 0.146764 0.217579 0.163721
14 0.281867 0.293399 0.217579 0.163721
14 0.471659 0.287752 0.169279 0.152428
14 0.664022 0.276740 0.227082 0.159250
14 0.286618 0.430838 0.241505 0.159752
14 0.492035 0.418106 0.200416 0.148712
14 0.692868 0.406548 0.227082 0.159250
14 0.202791 0.576607 0.261351 0.186868
14 0.412708 0.547829 0.195608 0.148543
14 0.595400 0.543106 0.200416 0.148712
14 0.806044 0.540297 0.246704 0.176748
14 0.221994 0.712004 0.237257 0.183623
14 0.429647 0.685016 0.205447 0.158493
14 0.632883 0.671138 0.236921 0.169200
14 0.852976 0.677778 0.273260 0.182478
14 0.239240 0.845838 0.262135 0.220522
14 0.440660 0.796669 0.198627 0.175070
14 0.631934 0.791904 0.201368 0.189577
14 0.845094 0.810982 0.262303 0.227733
