14 0.820412 0.941740 0.357171 0.114250
14 0.628231 0.939822 0.256462 0.120029
14 0.827144 0.877745 0.346596 0.245875
14 0.829109 0.522214 0.278411 0.491543
14 0.945239 0.496391 0.111632 0.497589
14 0.080931 0.182172 0.161863 0.364344
14 0.251898 0.158966 0.200911 0.303510
14 0.425782 0.069779 0.183296 0.110712
14 0.474537 0.973031 0.136575 0.051832
14 0.467919 0.934429 0.147377 0.114050
14 0.437413 0.717593 0.129635 0.329416
14 0.565648 0.774377 0.140911 0.221832
14 0.603213 0.821425 0.086233 0.075543
14 0.632103 0.659434 0.163245 0.246752
14 0.523996 0.383059 0.350877 0.506502
14 0.328410 0.333245 0.204897 0.440529
14 0.789100 0.135952 0.366661 0.223827
14 0.891696 0.218083 0.148776 0.162127
14 0.720499 0.230814 0.123690 0.125089
14 0.554529 0.079888 0.089827 0.116507
14 0.288052 0.933409 0.244373 0.131240
14 0.315250 0.867329 0.188192 0.263505
14 0.163022 0.725962 0.302005 0.548077
14 0.186561 0.537052 0.353892 0.362565
14 0.500000 0.500000 1.000000 1.000000
