14 0.757212 0.912260 0.485577 0.175481
14 0.774038 0.832933 0.451923 0.156250
14 0.733173 0.656250 0.533654 0.240385
14 0.713942 0.451923 0.572115 0.192308
14 0.918269 0.301683 0.163462 0.108173
14 0.923077 0.201923 0.153846 0.120192
14 0.917067 0.079327 0.165865 0.144231
14 0.626202 0.063702 0.444712 0.127404
14 0.634615 0.195913 0.432692 0.300481
14 0.195913 0.050481 0.391827 0.100962
14 0.207933 0.171875 0.415865 0.343750
14 0.177885 0.382212 0.355769 0.288462
14 0.394231 0.424279 0.096154 0.180288
14 0.129808 0.413462 0.259615 0.264423
14 0.292067 0.754808 0.584135 0.490385
