14 0.310797 0.823847 0.366786 0.354425
14 0.353359 0.932663 0.254796 0.134558
14 0.365361 0.725962 0.716298 0.548077
14 0.078617 0.834135 0.133195 0.331731
14 0.606879 0.644216 0.785873 0.711510
14 0.685234 0.466433 0.630084 0.404019
14 0.731431 0.351690 0.534978 0.294726
14 0.821995 0.286940 0.355529 0.256572
14 0.913992 0.178905 0.174137 0.184733
14 0.110258 0.258442 0.220517 0.516885
14 0.149935 0.395895 0.290255 0.243714
14 0.308379 0.285542 0.328296 0.220123
14 0.222218 0.132367 0.444435 0.264733
14 0.494530 0.106583 0.763099 0.208358
14 0.500000 0.500000 1.000000 1.000000
