14 0.363143 0.159210 0.207055 0.164575
14 0.560258 0.149791 0.216671 0.164966
14 0.279008 0.296425 0.216671 0.164966
14 0.471232 0.290639 0.168425 0.153394
14 0.663582 0.282198 0.226202 0.160550
14 0.286178 0.431531 0.240625 0.161139
14 0.489219 0.421083 0.199591 0.149858
14 0.690024 0.409602 0.226202 0.160550
14 0.199870 0.577356 0.260317 0.188365
14 0.409892 0.550793 0.194784 0.149663
14 0.592584 0.546083 0.199591 0.149858
14 0.803151 0.545811 0.245726 0.178161
14 0.219079 0.715087 0.236236 0.184981
14 0.424399 0.688008 0.204567 0.159671
14 0.630011 0.674221 0.235983 0.170558
14 0.850069 0.680966 0.272252 0.184048
14 0.233817 0.846587 0.260904 0.222019
14 0.437767 0.799639 0.197649 0.176202
14 0.626595 0.797285 0.200305 0.190724
14 0.839649 0.816538 0.261029 0.229231
