14 0.500000 0.903608 1.000000 0.191832
14 0.207933 0.787340 0.415865 0.190065
14 0.713942 0.738549 0.572115 0.126137
14 0.850962 0.873196 0.298077 0.179084
14 0.057692 0.457351 0.115385 0.486817
14 0.695913 0.291177 0.608173 0.212161
14 0.836538 0.502121 0.264423 0.182127
14 0.859375 0.620351 0.281250 0.134933
14 0.400240 0.564769 0.637019 0.321846
14 0.373798 0.332683 0.540865 0.160558
14 0.093750 0.151548 0.187500 0.192519
14 0.221154 0.254525 0.264423 0.196550
14 0.590144 0.128645 0.781250 0.175560
14 0.979567 0.135686 0.040865 0.050219
14 0.569712 0.073031 0.860577 0.141255
14 0.063702 0.039663 0.127404 0.079327
14 0.514423 0.046119 0.971154 0.092238
14 0.500000 0.500000 1.000000 1.000000
