14 0.868410 0.605082 0.260858 0.791894
14 0.970993 0.151778 0.057370 0.168940
14 0.700428 0.481832 0.184510 0.314625
14 0.748191 0.754445 0.145421 0.206005
14 0.796072 0.934520 0.145029 0.128656
14 0.577126 0.967672 0.360983 0.065151
14 0.599690 0.807537 0.314764 0.384305
14 0.228770 0.929897 0.313310 0.138639
14 0.300970 0.866364 0.169248 0.170228
14 0.462097 0.554507 0.279964 0.195553
14 0.591696 0.459638 0.087238 0.121200
14 0.603897 0.368851 0.183755 0.184817
14 0.521915 0.264927 0.087099 0.097161
14 0.602478 0.261447 0.108803 0.109433
14 0.704886 0.207850 0.193425 0.194546
14 0.302892 0.212644 0.399053 0.420481
14 0.436111 0.308225 0.300106 0.352026
14 0.830703 0.083562 0.108522 0.061356
14 0.076091 0.064583 0.152183 0.129166
14 0.070662 0.363792 0.141325 0.328546
14 0.082150 0.140262 0.145070 0.145909
14 0.273516 0.676236 0.388377 0.645740
14 0.031026 0.634938 0.057245 0.337183
