18 0.401812 0.566555 0.156750 0.111234
18 0.552727 0.559891 0.158578 0.104156
18 0.059539 0.681797 0.119078 0.194844
17 0.718164 0.665328 0.186328 0.177531
17 0.886484 0.724578 0.222969 0.217906
20 0.624898 0.672125 0.034172 0.038000
21 0.518031 0.691141 0.207938 0.082281
21 0.719633 0.698164 0.120516 0.061953
21 0.875125 0.761852 0.153375 0.089328
21 0.112945 0.784500 0.225891 0.178375
21 0.351094 0.732563 0.102188 0.058875
17 0.345516 0.699156 0.122281 0.126438
16 0.478195 0.623703 0.025141 0.038031
16 0.383148 0.644297 0.025672 0.035469
16 0.274125 0.705984 0.029500 0.030719
