11 0.052344 0.233594 0.104688 0.226562
11 0.155469 0.092969 0.085938 0.160938
11 0.177344 0.388281 0.179688 0.195312
11 0.364844 0.182031 0.220312 0.192188
11 0.482812 0.464062 0.196875 0.150000
11 0.595313 0.046094 0.203125 0.079687
11 0.689063 0.372656 0.206250 0.073438
11 0.866406 0.209375 0.164062 0.328125
11 0.885156 0.710938 0.117188 0.521875
11 0.775000 0.626563 0.190625 0.218750
11 0.624219 0.582812 0.154688 0.312500
11 0.441406 0.676562 0.226562 0.262500
11 0.230469 0.692969 0.226562 0.264062
11 0.071094 0.694531 0.142187 0.279687
