12 0.429297 0.127734 0.180469 0.255469
12 0.580078 0.310156 0.119531 0.220312
12 0.678906 0.459766 0.107813 0.150781
12 0.748047 0.565625 0.083594 0.125000
12 0.800391 0.651172 0.050781 0.089844
12 0.844531 0.709766 0.048438 0.088281
12 0.881250 0.760938 0.034375 0.065625
12 0.909375 0.802734 0.028125 0.055469
12 0.930469 0.836328 0.032813 0.057031
12 0.952734 0.867188 0.039844 0.046875
12 0.049609 0.272656 0.099219 0.126562
12 0.189453 0.385937 0.191406 0.187500
12 0.350391 0.516406 0.147656 0.142187
12 0.462500 0.608594 0.112500 0.123438
12 0.549219 0.673047 0.095312 0.114844
12 0.616406 0.736328 0.095312 0.069531
12 0.677734 0.783203 0.071094 0.057031
12 0.715625 0.815625 0.046875 0.062500
12 0.756250 0.850000 0.043750 0.050000
12 0.786719 0.876172 0.048438 0.042969
12 0.073438 0.565625 0.143750 0.109375
12 0.200781 0.636328 0.139063 0.103906
12 0.316016 0.700781 0.097656 0.092188
12 0.403516 0.754687 0.085156 0.081250
12 0.476172 0.794141 0.071094 0.066406
12 0.539062 0.828906 0.075000 0.076563
12 0.591797 0.860547 0.055469 0.071094
12 0.637500 0.888672 0.050000 0.055469
12 0.021094 0.683594 0.042188 0.064062
12 0.104688 0.725391 0.121875 0.088281
12 0.200000 0.772266 0.109375 0.066406
12 0.296875 0.811328 0.090625 0.072656
12 0.378125 0.847266 0.078125 0.066406
12 0.439063 0.869141 0.059375 0.041406
12 0.489063 0.894922 0.050000 0.042969
12 0.033984 0.789062 0.067969 0.046875
12 0.116406 0.819922 0.107813 0.052344
12 0.279297 0.882422 0.074219 0.052344
12 0.333203 0.899609 0.057031 0.039844
12 0.209375 0.847266 0.065625 0.050781
12 0.019531 0.904687 0.039062 0.037500
