11 0.942969 0.224219 0.114062 0.223438
11 0.837500 0.087500 0.084375 0.146875
11 0.812500 0.372656 0.178125 0.195312
11 0.628125 0.163281 0.218750 0.192188
11 0.508594 0.438281 0.195312 0.151562
11 0.400000 0.034375 0.200000 0.056250
11 0.303906 0.341406 0.204687 0.073438
11 0.128906 0.174219 0.160938 0.326562
11 0.107031 0.671875 0.114062 0.518750
11 0.217969 0.589063 0.189062 0.218750
11 0.367969 0.552344 0.151562 0.310937
11 0.548438 0.650781 0.225000 0.260937
11 0.757812 0.671094 0.225000 0.264062
11 0.922656 0.679688 0.154688 0.278125
