12 0.605078 0.203125 0.160156 0.187500
12 0.746094 0.366016 0.060937 0.069531
12 0.796484 0.429688 0.042969 0.050000
12 0.567187 0.392969 0.075000 0.060937
12 0.410156 0.322656 0.154688 0.076563
12 0.292578 0.315625 0.128906 0.062500
12 0.462109 0.389062 0.055469 0.043750
12 0.410156 0.400391 0.076563 0.053906
12 0.504297 0.426953 0.052344 0.041406
12 0.554688 0.418359 0.050000 0.039844
12 0.617188 0.444141 0.043750 0.038281
12 0.654297 0.438281 0.052344 0.029687
12 0.705078 0.467187 0.050781 0.031250
12 0.054688 0.141797 0.109375 0.074219
12 0.025000 0.213672 0.050000 0.067969
