12 0.957422 0.875000 0.042969 0.046875
12 0.414453 0.134375 0.241406 0.268750
12 0.575000 0.332422 0.153125 0.192969
12 0.680859 0.471875 0.105469 0.143750
12 0.744922 0.571484 0.086719 0.121094
12 0.798438 0.644531 0.081250 0.110937
12 0.840625 0.716797 0.059375 0.089844
12 0.883203 0.769531 0.035156 0.079687
12 0.907813 0.804297 0.046875 0.055469
12 0.929688 0.833594 0.028125 0.064062
12 0.067969 0.271875 0.135937 0.150000
12 0.199609 0.384375 0.199219 0.206250
12 0.345703 0.509375 0.175781 0.171875
12 0.468750 0.597266 0.109375 0.147656
12 0.551172 0.687109 0.089844 0.114844
12 0.620313 0.730469 0.090625 0.107813
12 0.681641 0.782813 0.066406 0.081250
12 0.722656 0.820312 0.060937 0.081250
12 0.753516 0.855469 0.050781 0.064062
12 0.792188 0.879297 0.046875 0.055469
12 0.633984 0.888281 0.052344 0.048438
12 0.075781 0.553125 0.151562 0.156250
12 0.212109 0.642969 0.146094 0.110937
12 0.321484 0.702734 0.121094 0.105469
12 0.412891 0.756250 0.088281 0.096875
12 0.480078 0.796875 0.097656 0.106250
12 0.539062 0.823828 0.081250 0.085156
12 0.594922 0.857031 0.074219 0.060937
12 0.027344 0.687500 0.054688 0.059375
12 0.101953 0.723828 0.147656 0.088281
12 0.212500 0.764453 0.128125 0.072656
12 0.294531 0.805469 0.110937 0.079687
12 0.375391 0.845313 0.085156 0.062500
12 0.434766 0.871484 0.069531 0.067969
12 0.489453 0.895703 0.066406 0.050781
12 0.045312 0.795312 0.090625 0.065625
12 0.129688 0.828125 0.109375 0.062500
12 0.293750 0.887109 0.090625 0.055469
12 0.346875 0.905859 0.065625 0.039844
