12 0.578125 0.126562 0.200000 0.253125
12 0.423047 0.326953 0.136719 0.182031
12 0.324609 0.468359 0.105469 0.146094
12 0.251172 0.574609 0.071094 0.117969
12 0.201563 0.655469 0.065625 0.095312
12 0.158203 0.714453 0.053906 0.085156
12 0.125781 0.756641 0.045312 0.072656
12 0.095703 0.805469 0.035156 0.048438
12 0.071875 0.843750 0.034375 0.043750
12 0.048047 0.870703 0.027344 0.057031
12 0.206641 0.879687 0.053906 0.046875
12 0.240234 0.844531 0.052344 0.045312
12 0.284766 0.814063 0.050781 0.050000
12 0.324219 0.775391 0.060937 0.069531
12 0.946875 0.260937 0.106250 0.125000
12 0.810547 0.388281 0.199219 0.185938
12 0.650391 0.512109 0.144531 0.149219
12 0.535156 0.604297 0.110937 0.117969
12 0.444531 0.676953 0.107813 0.113281
12 0.382422 0.733203 0.074219 0.082031
12 0.325781 0.783594 0.064062 0.060937
12 0.284766 0.813281 0.050781 0.064062
12 0.926172 0.557422 0.146094 0.130469
12 0.790625 0.638281 0.143750 0.107813
12 0.678516 0.699219 0.119531 0.092188
12 0.594922 0.747656 0.099219 0.079687
12 0.519922 0.792969 0.086719 0.064062
12 0.460547 0.834375 0.074219 0.043750
12 0.410938 0.862500 0.062500 0.043750
12 0.362109 0.884766 0.055469 0.050781
12 0.509766 0.896484 0.066406 0.042969
12 0.561328 0.870703 0.069531 0.041406
12 0.619922 0.841797 0.089844 0.058594
12 0.696875 0.809375 0.096875 0.065625
12 0.787891 0.766016 0.128906 0.085156
12 0.902734 0.717969 0.130469 0.095312
12 0.975781 0.680469 0.048438 0.045312
12 0.663281 0.906250 0.060937 0.034375
12 0.712109 0.883984 0.074219 0.055469
12 0.874609 0.825000 0.105469 0.059375
12 0.961719 0.785156 0.076563 0.045312
12 0.974219 0.902344 0.051562 0.048438
12 0.786328 0.854297 0.097656 0.055469
