12 0.695312 0.168359 0.034375 0.133594
12 0.678125 0.423438 0.034375 0.075000
12 0.671094 0.529687 0.029687 0.059375
12 0.668750 0.626953 0.012500 0.041406
12 0.550000 0.595703 0.031250 0.041406
12 0.513281 0.494922 0.045312 0.071094
12 0.439844 0.314453 0.048438 0.103906
12 0.262891 0.372266 0.066406 0.082031
12 0.117969 0.385547 0.060937 0.067969
12 0.040234 0.417578 0.055469 0.041406
12 0.377734 0.522656 0.058594 0.048438
12 0.449219 0.601172 0.029687 0.042969
12 0.352734 0.595703 0.036719 0.041406
12 0.579297 0.669141 0.021094 0.035156
