11 0.828125 0.043359 0.062500 0.071094
11 0.830859 0.145703 0.027344 0.038281
11 0.833203 0.216797 0.035156 0.036719
11 0.840234 0.256250 0.021094 0.034375
11 0.667578 0.254688 0.035156 0.043750
11 0.632812 0.200391 0.046875 0.035156
11 0.583594 0.135937 0.032813 0.050000
11 0.482031 0.031641 0.076563 0.050781
11 0.335938 0.140625 0.034375 0.031250
11 0.239844 0.200781 0.029687 0.045312
11 0.089453 0.136719 0.041406 0.060937
11 0.144141 0.035156 0.022656 0.045312
11 0.416406 0.279297 0.020313 0.024219
11 0.436719 0.209766 0.020313 0.016406
11 0.508984 0.246875 0.017969 0.018750
11 0.469531 0.300781 0.017188 0.017188
11 0.514844 0.313281 0.017188 0.017188
11 0.556641 0.282813 0.019531 0.012500
11 0.593750 0.300781 0.012500 0.004687
11 0.621094 0.322266 0.010937 0.016406
11 0.644531 0.330859 0.010937 0.008594
11 0.661719 0.340625 0.010937 0.012500
11 0.696875 0.283594 0.012500 0.017188
11 0.714063 0.303906 0.012500 0.014063
11 0.727734 0.321484 0.014844 0.017969
11 0.739453 0.333594 0.013281 0.017188
11 0.836328 0.283594 0.016406 0.017188
11 0.835938 0.303516 0.015625 0.013281
11 0.838281 0.320703 0.014063 0.013281
11 0.546094 0.328516 0.010937 0.019531
11 0.572656 0.342187 0.007812 0.012500
