12 0.223438 0.058203 0.062500 0.088281
12 0.166406 0.156250 0.048438 0.062500
12 0.134375 0.226172 0.031250 0.055469
12 0.110937 0.277344 0.028125 0.032813
12 0.081250 0.315625 0.028125 0.031250
12 0.064844 0.348047 0.017188 0.036719
12 0.050781 0.371875 0.010937 0.025000
12 0.042969 0.395313 0.010937 0.021875
12 0.032031 0.413672 0.014063 0.017969
12 0.023047 0.428516 0.011719 0.013281
12 0.014063 0.440625 0.018750 0.015625
12 0.010156 0.453125 0.014063 0.012500
12 0.847656 0.025781 0.067187 0.051562
12 0.695312 0.123828 0.081250 0.069531
12 0.577344 0.196484 0.057813 0.052344
12 0.486328 0.254297 0.047656 0.039844
12 0.419141 0.299219 0.038281 0.032813
12 0.367969 0.331641 0.032813 0.032031
12 0.320703 0.362109 0.038281 0.024219
12 0.290234 0.385937 0.030469 0.018750
12 0.257031 0.404687 0.023438 0.015625
12 0.234375 0.421094 0.018750 0.017188
12 0.210156 0.436719 0.020313 0.017188
12 0.193359 0.450000 0.014844 0.015625
12 0.175000 0.461328 0.015625 0.010156
12 0.162891 0.469141 0.016406 0.010156
12 0.148828 0.479297 0.010156 0.017969
12 0.135937 0.485547 0.012500 0.011719
12 0.335547 0.444141 0.024219 0.013281
12 0.367188 0.430859 0.021875 0.014844
12 0.403516 0.416797 0.028906 0.014844
12 0.439453 0.398047 0.028906 0.017969
12 0.489453 0.379688 0.032031 0.021875
12 0.544531 0.352734 0.039062 0.027344
12 0.611719 0.325000 0.045312 0.028125
12 0.699219 0.287109 0.054688 0.039844
12 0.807031 0.242578 0.067187 0.044531
12 0.951172 0.180469 0.089844 0.057813
