11 0.133594 0.235156 0.198437 0.357812
11 0.296094 0.150781 0.148438 0.135937
11 0.433594 0.189844 0.129688 0.185938
11 0.346094 0.353906 0.129688 0.210938
11 0.420312 0.474219 0.162500 0.232813
11 0.260156 0.797656 0.173437 0.320312
11 0.128125 0.606250 0.190625 0.278125
11 0.645312 0.848437 0.237500 0.287500
11 0.708594 0.553125 0.185938 0.287500
11 0.807813 0.373437 0.137500 0.146875
11 0.731250 0.331250 0.146875 0.106250
11 0.842187 0.161719 0.187500 0.276562
11 0.600781 0.110156 0.157812 0.082812
11 0.537500 0.571875 0.162500 0.231250
