11 0.121875 0.091406 0.162500 0.182812
11 0.311719 0.086719 0.176563 0.173437
11 0.483594 0.100000 0.145313 0.184375
11 0.564844 0.235156 0.079687 0.135937
11 0.650781 0.213281 0.142187 0.220312
11 0.960156 0.250781 0.079687 0.154688
11 0.915625 0.489844 0.137500 0.251563
11 0.989844 0.519531 0.020313 0.129688
11 0.779687 0.500781 0.140625 0.210938
11 0.660156 0.473438 0.132812 0.190625
11 0.552344 0.453125 0.114062 0.184375
11 0.448437 0.473438 0.115625 0.196875
11 0.357031 0.456250 0.110937 0.200000
11 0.203906 0.410938 0.201563 0.240625
11 0.228906 0.769531 0.176563 0.270313
11 0.700781 0.774219 0.179688 0.132812
11 0.845313 0.840625 0.118750 0.175000
11 0.966406 0.815625 0.067187 0.193750
