12 0.953906 0.109375 0.092188 0.078125
12 0.808203 0.183203 0.097656 0.057031
12 0.696094 0.240625 0.092188 0.050000
12 0.592969 0.289453 0.064062 0.053906
12 0.529297 0.321484 0.052344 0.039844
12 0.466797 0.349609 0.039844 0.036719
12 0.422266 0.380078 0.053906 0.025781
12 0.378125 0.396484 0.034375 0.027344
12 0.350781 0.412109 0.045312 0.024219
12 0.314453 0.431250 0.025781 0.031250
12 0.287109 0.444531 0.024219 0.017188
12 0.160547 0.449609 0.021094 0.011719
12 0.202344 0.425000 0.014063 0.018750
12 0.241797 0.387500 0.024219 0.028125
12 0.308984 0.332422 0.039844 0.027344
12 0.357812 0.299219 0.028125 0.029687
12 0.417187 0.255078 0.043750 0.041406
12 0.490625 0.198047 0.059375 0.055469
12 0.593359 0.124609 0.086719 0.074219
12 0.723437 0.030469 0.075000 0.060937
12 0.190625 0.051953 0.043750 0.085156
12 0.144141 0.156250 0.041406 0.059375
12 0.110937 0.224609 0.034375 0.042969
12 0.090625 0.278125 0.028125 0.031250
12 0.073438 0.314453 0.031250 0.025781
12 0.057031 0.344531 0.017188 0.032813
12 0.048047 0.372266 0.027344 0.022656
