12 0.089844 0.089063 0.048438 0.043750
12 0.150000 0.125000 0.028125 0.050000
12 0.183203 0.155469 0.025781 0.029687
12 0.226562 0.190234 0.031250 0.039844
12 0.255859 0.204687 0.027344 0.034375
12 0.274219 0.220703 0.017188 0.019531
12 0.007812 0.021875 0.015625 0.037500
12 0.496094 0.053125 0.017188 0.043750
12 0.497656 0.093750 0.017188 0.043750
12 0.497266 0.114453 0.019531 0.041406
12 0.495703 0.154297 0.019531 0.036719
12 0.498437 0.182812 0.012500 0.031250
12 0.656641 0.199219 0.025781 0.032813
12 0.676953 0.170703 0.025781 0.038281
12 0.700391 0.141797 0.025781 0.039844
12 0.723047 0.115625 0.024219 0.034375
12 0.764453 0.066016 0.022656 0.041406
12 0.818750 0.014844 0.034375 0.029687
12 0.957812 0.135156 0.050000 0.032813
12 0.915234 0.155469 0.042969 0.029687
12 0.858594 0.187500 0.045312 0.028125
12 0.823047 0.213281 0.021094 0.029687
12 0.793359 0.223828 0.024219 0.035156
12 0.776953 0.237500 0.010156 0.028125
12 0.758203 0.244141 0.022656 0.025781
12 0.497656 0.186719 0.014063 0.032813
