12 0.783594 0.050000 0.042188 0.100000
12 0.787500 0.180078 0.028125 0.085156
12 0.784375 0.266016 0.031250 0.041406
12 0.792578 0.319922 0.035156 0.039844
12 0.789844 0.368359 0.014063 0.039844
12 0.985156 0.360938 0.029687 0.046875
12 0.539062 0.291016 0.043750 0.041406
12 0.577734 0.344141 0.036719 0.038281
12 0.610547 0.381641 0.024219 0.035156
12 0.625781 0.405859 0.029687 0.039844
12 0.508984 0.437891 0.036719 0.022656
12 0.447266 0.395703 0.038281 0.038281
12 0.392578 0.361328 0.038281 0.035156
12 0.326953 0.318750 0.050781 0.046875
12 0.225781 0.252734 0.076563 0.071094
12 0.091016 0.174219 0.097656 0.060937
12 0.022656 0.246875 0.045312 0.065625
12 0.124219 0.317188 0.079687 0.043750
12 0.226562 0.356641 0.075000 0.041406
12 0.290625 0.386719 0.075000 0.032813
12 0.344531 0.416016 0.048438 0.038281
12 0.391406 0.436328 0.045312 0.035156
12 0.423828 0.455078 0.041406 0.041406
12 0.319141 0.456250 0.038281 0.028125
12 0.219922 0.417969 0.052344 0.029687
12 0.144141 0.396094 0.053906 0.045312
12 0.053906 0.369531 0.095312 0.032813
12 0.024609 0.401172 0.042969 0.027344
12 0.098047 0.425781 0.055469 0.029687
12 0.165234 0.437500 0.052344 0.034375
12 0.213672 0.454688 0.036719 0.031250
12 0.257812 0.472266 0.031250 0.041406
12 0.292969 0.476172 0.032813 0.021094
12 0.330859 0.493750 0.042969 0.028125
12 0.419922 0.488672 0.027344 0.021094
12 0.786719 0.425391 0.017188 0.025781
12 0.944922 0.422266 0.027344 0.022656
12 0.957812 0.399609 0.034375 0.039844
12 0.925000 0.441016 0.031250 0.022656
