12 0.100000 0.289062 0.031250 0.031250
12 0.131641 0.254688 0.035156 0.043750
12 0.173828 0.214453 0.035156 0.041406
12 0.221875 0.167578 0.046875 0.053906
12 0.290625 0.105469 0.062500 0.060937
12 0.382031 0.027344 0.079687 0.054688
12 0.250391 0.329297 0.035156 0.027344
12 0.293750 0.302344 0.028125 0.029687
12 0.340234 0.278516 0.036719 0.041406
12 0.396484 0.242578 0.052344 0.041406
12 0.475781 0.199609 0.060937 0.036719
12 0.566406 0.151172 0.079687 0.052344
12 0.680078 0.095703 0.088281 0.050781
12 0.835547 0.023438 0.102344 0.046875
12 0.916016 0.160938 0.103906 0.046875
12 0.774609 0.210156 0.083594 0.045312
12 0.670703 0.244531 0.066406 0.045312
12 0.593359 0.273828 0.058594 0.038281
12 0.518359 0.301563 0.052344 0.028125
12 0.458203 0.325000 0.038281 0.028125
12 0.407813 0.342969 0.034375 0.032813
12 0.364063 0.357031 0.031250 0.032813
