11 0.865625 0.278125 0.187500 0.362500
11 0.707031 0.187500 0.142187 0.140625
11 0.571094 0.219531 0.123438 0.189062
11 0.653906 0.385156 0.123438 0.214062
11 0.577344 0.500000 0.154688 0.237500
11 0.728125 0.825781 0.162500 0.323437
11 0.862500 0.644531 0.181250 0.282813
11 0.346875 0.854688 0.228125 0.290625
11 0.292969 0.561719 0.176563 0.292187
11 0.199219 0.382031 0.132812 0.151562
11 0.275781 0.343750 0.142187 0.112500
11 0.170313 0.170313 0.178125 0.281250
11 0.409375 0.133594 0.153125 0.089063
11 0.460156 0.590625 0.154688 0.234375
