12 0.592578 0.108203 0.066406 0.085156
12 0.517969 0.219141 0.048438 0.085156
12 0.457422 0.293750 0.042969 0.059375
12 0.419922 0.338672 0.027344 0.052344
12 0.206250 0.265625 0.018750 0.078125
12 0.213281 0.183203 0.032813 0.069531
12 0.206250 0.046875 0.050000 0.093750
12 0.018750 0.366406 0.037500 0.042188
12 0.049609 0.408203 0.027344 0.057031
12 0.896875 0.171484 0.096875 0.052344
12 0.765625 0.257422 0.093750 0.039844
12 0.870703 0.307031 0.072656 0.032813
12 0.673828 0.321875 0.072656 0.046875
12 0.782031 0.356641 0.064062 0.038281
12 0.708984 0.381641 0.042969 0.025781
12 0.653125 0.413281 0.034375 0.017188
12 0.559766 0.397656 0.041406 0.029687
12 0.516016 0.418750 0.038281 0.034375
12 0.608203 0.481250 0.019531 0.034375
12 0.583984 0.490234 0.024219 0.036719
12 0.684766 0.458203 0.035156 0.019531
12 0.782031 0.418750 0.045312 0.028125
12 0.722266 0.435937 0.041406 0.031250
12 0.709766 0.386328 0.057031 0.025781
12 0.834375 0.443750 0.043750 0.034375
12 0.851172 0.396875 0.058594 0.034375
12 0.935547 0.362109 0.058594 0.027344
12 0.973047 0.405078 0.052344 0.035156
