12 0.700000 0.077734 0.184375 0.074219
12 0.431250 0.133594 0.140625 0.048438
12 0.219922 0.179688 0.117969 0.043750
12 0.055078 0.215234 0.085156 0.042969
12 0.765625 0.230859 0.109375 0.036719
12 0.592969 0.253125 0.092188 0.028125
12 0.444531 0.270703 0.079687 0.022656
12 0.317188 0.290234 0.081250 0.021094
12 0.209766 0.305078 0.066406 0.022656
12 0.110547 0.320312 0.058594 0.018750
12 0.794531 0.294922 0.079687 0.021094
12 0.666016 0.308984 0.069531 0.024219
12 0.548828 0.317188 0.069531 0.015625
12 0.453906 0.331641 0.060937 0.022656
12 0.359375 0.338281 0.062500 0.017188
12 0.276562 0.347266 0.059375 0.019531
12 0.200781 0.355469 0.045312 0.017188
12 0.135937 0.363281 0.043750 0.017188
12 0.074219 0.367188 0.048438 0.015625
12 0.016406 0.374609 0.029687 0.021094
12 0.821094 0.366016 0.064062 0.022656
12 0.738672 0.372656 0.058594 0.014063
12 0.658594 0.378125 0.048438 0.012500
12 0.588672 0.384375 0.042969 0.012500
12 0.519141 0.385156 0.038281 0.017188
12 0.456641 0.390625 0.041406 0.018750
12 0.400391 0.394531 0.041406 0.014063
12 0.343359 0.396875 0.042969 0.018750
12 0.293359 0.400000 0.039844 0.015625
12 0.246484 0.404297 0.036719 0.021094
12 0.198437 0.408984 0.031250 0.008594
12 0.152344 0.410938 0.032813 0.012500
12 0.114062 0.415625 0.031250 0.018750
12 0.076953 0.417578 0.022656 0.010156
12 0.040625 0.420703 0.028125 0.010156
12 0.110937 0.442188 0.031250 0.012500
12 0.160547 0.436328 0.024219 0.010156
12 0.200391 0.433984 0.025781 0.014844
12 0.236719 0.437109 0.029687 0.011719
12 0.273828 0.434766 0.022656 0.010156
12 0.321094 0.432812 0.032813 0.009375
12 0.367188 0.428125 0.031250 0.012500
12 0.410938 0.426953 0.034375 0.013281
12 0.461719 0.425000 0.029687 0.009375
12 0.512891 0.423047 0.038281 0.008594
12 0.567969 0.420312 0.029687 0.012500
12 0.629297 0.416406 0.039844 0.017188
12 0.688672 0.413281 0.039844 0.010937
12 0.757812 0.409766 0.040625 0.010156
12 0.824609 0.407813 0.046094 0.012500
12 0.197266 0.455859 0.022656 0.011719
12 0.230078 0.453516 0.019531 0.010156
12 0.266406 0.452734 0.026562 0.011719
12 0.302734 0.452734 0.024219 0.011719
12 0.338281 0.451172 0.029687 0.014844
12 0.377344 0.451172 0.032813 0.014844
12 0.418750 0.448047 0.031250 0.011719
12 0.460547 0.446875 0.033594 0.012500
12 0.507812 0.449219 0.034375 0.010937
12 0.552734 0.446484 0.036719 0.014844
12 0.603516 0.441797 0.035156 0.011719
12 0.655859 0.441016 0.039844 0.013281
12 0.706641 0.437891 0.047656 0.013281
12 0.769922 0.436328 0.046094 0.013281
12 0.832422 0.434375 0.046094 0.009375
12 0.834375 0.457031 0.043750 0.007812
12 0.780469 0.458203 0.039062 0.013281
12 0.730469 0.459766 0.035937 0.010156
12 0.677344 0.461719 0.035937 0.010937
12 0.632422 0.462891 0.030469 0.010156
12 0.543750 0.463672 0.031250 0.011719
12 0.502344 0.465625 0.026562 0.009375
12 0.460938 0.465234 0.028125 0.011719
12 0.425391 0.467578 0.028906 0.010156
12 0.387891 0.466797 0.019531 0.008594
12 0.354687 0.468750 0.021875 0.009375
