12 0.497656 0.050000 0.032813 0.031250
12 0.501563 0.096094 0.031250 0.032813
12 0.759766 0.066797 0.069531 0.036719
12 0.817969 0.009375 0.032813 0.018750
12 0.965625 0.126562 0.062500 0.046875
12 0.913672 0.162109 0.042969 0.036719
12 0.854297 0.191016 0.027344 0.038281
12 0.819141 0.210938 0.022656 0.034375
12 0.221875 0.189453 0.034375 0.022656
12 0.183594 0.156250 0.029687 0.031250
12 0.148438 0.127344 0.031250 0.032813
12 0.083984 0.091797 0.052344 0.039844
12 0.500000 0.126172 0.034375 0.024219
12 0.502344 0.156250 0.029687 0.031250
12 0.721875 0.117188 0.028125 0.034375
12 0.676172 0.167578 0.024219 0.038281
12 0.705078 0.138281 0.035156 0.032813
12 0.654687 0.199219 0.028125 0.029687
12 0.797266 0.223828 0.022656 0.025781
12 0.771094 0.237500 0.017188 0.018750
12 0.756250 0.243359 0.015625 0.027344
12 0.256641 0.210156 0.022656 0.029687
12 0.272656 0.221484 0.017188 0.027344
12 0.284766 0.231641 0.019531 0.025781
