8 0.855469 0.063281 0.251563 0.126562
8 0.867188 0.205469 0.246875 0.201563
8 0.870313 0.359375 0.221875 0.193750
8 0.871875 0.529687 0.209375 0.225000
8 0.875000 0.709375 0.212500 0.268750
8 0.383594 0.589844 0.729688 0.642188
8 0.485938 0.309375 0.575000 0.618750
8 0.045312 0.119531 0.090625 0.239063
8 0.035937 0.350781 0.071875 0.254688
8 0.038281 0.585938 0.076563 0.275000
8 0.039844 0.783594 0.079687 0.298438
8 0.543750 0.825781 0.906250 0.335938
8 0.350000 0.231250 0.221875 0.359375
8 0.615625 0.224219 0.259375 0.448437
8 0.334375 0.235156 0.287500 0.245312
