8 0.851562 0.825781 0.165625 0.185938
8 0.928906 0.696875 0.135937 0.237500
8 0.793750 0.635156 0.143750 0.185938
8 0.635156 0.878906 0.120313 0.210938
8 0.662500 0.577344 0.128125 0.164062
8 0.623437 0.778906 0.165625 0.185938
8 0.491406 0.868750 0.123438 0.181250
8 0.472656 0.718750 0.120313 0.159375
8 0.557031 0.671094 0.107813 0.185938
8 0.523438 0.532031 0.143750 0.226562
8 0.654687 0.438281 0.103125 0.164062
8 0.751563 0.479687 0.096875 0.134375
8 0.870313 0.468750 0.128125 0.196875
8 0.381250 0.878906 0.096875 0.201563
8 0.356250 0.755469 0.115625 0.148438
8 0.390625 0.623437 0.115625 0.196875
8 0.393750 0.484375 0.115625 0.196875
8 0.476562 0.338281 0.118750 0.139063
8 0.560156 0.250000 0.123438 0.181250
8 0.666406 0.214844 0.142187 0.170313
8 0.782031 0.135156 0.135937 0.154688
8 0.942969 0.227344 0.107813 0.226562
8 0.847656 0.283594 0.104688 0.123438
8 0.766406 0.314063 0.120313 0.175000
8 0.310937 0.224219 0.134375 0.201563
8 0.355469 0.330469 0.154688 0.185938
8 0.450000 0.200781 0.118750 0.123438
8 0.132031 0.492188 0.139063 0.212500
8 0.264844 0.572656 0.110937 0.185938
8 0.289844 0.685937 0.092188 0.134375
8 0.183594 0.796094 0.104688 0.148438
8 0.167969 0.663281 0.110937 0.139063
8 0.050000 0.807031 0.100000 0.170313
8 0.057813 0.641406 0.115625 0.170313
8 0.050000 0.468750 0.100000 0.237500
8 0.185938 0.200781 0.131250 0.185938
8 0.209375 0.368750 0.146875 0.150000
